0.050468579994049 2.44244960909709
0.068460263381712 1.94649859671481
0.081544650148135 2.89900072482415
0.084167374542449 2.75877048866823
0.084373375005089 2.66439696322195
0.12019624003442 2.25030671325512
0.121130495693069 1.57859005806968
0.127148483193014 2.10755502688698
0.127193511999212 2.38531180154532
0.133351568260696 2.07985021951608
0.141424444981385 1.34218778712675
0.145648737682495 2.05825769077055
0.148021768673789 1.40316656730138
0.154104547586758 1.30855592051521
0.157100016786717 1.48574484456331
0.160335235483944 2.31801562332548
0.164333560806699 2.65400450155139
0.181289487704635 2.78412365689874
0.190768339450005 1.82637194511481
0.204898542212322 1.65798775753938
0.212305951875169 2.52981941374019
0.215089163871016 2.15963932117447
0.223719339014497 1.7667493797373
0.224775574589148 1.3260199024342
0.232714604539797 2.64748908253387
0.234565800765995 2.00842624334618
0.249479480274022 1.34059209167026
0.255787733430043 1.62437070454471
0.265683140093461 2.11997571038082
0.266869802970905 1.11219519712031
0.288635755726136 2.95560821820982
0.290279931866098 2.86209099614061
0.295940539462026 2.08806337686256
0.307637354196049 2.96840994562954
0.313848431932274 2.72430115430616
0.326634088193532 1.20446895281784
0.330847081914544 1.27957947119139
0.334862403292209 1.61892373249866
0.337977228348609 2.22996734939516
0.356732691358775 1.87494867406785
0.360293244721834 0.823027646029368
0.360909751860891 1.70084489574656
0.363235084759071 2.3582387088798
0.376169556123205 1.85883756107651
0.379873765702359 1.38451071106829
0.381650055653881 1.89455998758785
0.386387256043963 1.97411348000169
0.390000617143232 1.46270357994363
0.392461051477585 1.12360832006671
0.399471837689634 0.96872056373395
0.40008428117726 1.13516255705617
0.406487430573907 2.27022622940131
0.408346978318878 2.2516445892863
0.433629094925709 2.06030752807856
0.446079116035253 2.81176401120611
0.458049518533517 1.1392450618092
0.463576260849368 1.70351750836708
0.470710987818893 1.04441221486777
0.479475051467307 2.8849992680829
0.495606515335385 1.00029679974541
0.509578252455685 1.96563850888051
0.521915848669596 1.20442267972976
0.530380110326223 1.47698402390815
0.539826443779748 1.50726206409745
0.541779349336866 1.6128755048383
0.542568595975172 2.16398528241552
0.548836395971011 1.90505903917365
0.551041690586135 1.48738596281037
0.55817797658965 0.933585257409141
0.568028958817013 2.28059800374322
0.56960255461745 1.5036053576041
0.581397851125803 2.9652822476346
0.582636801013723 2.70001704515889
0.614980898227077 1.27716407817788
0.615856368979439 2.18594071762636
0.618844653142151 2.60797201232053
0.636720725987107 1.69503170517273
0.641146875522099 1.38303917339072
0.641228851582855 1.53221178869717
0.645756740833167 1.70804146095179
0.646600563265383 2.42157102343626
0.649193634232506 1.65339986565523
0.657548264786601 2.42873559286818
0.659292132139672 1.28642646321096
0.660980029159691 1.58197983773425
0.693370786507148 2.41069745216519
0.712263053003699 2.89984242049977
0.714851795590948 2.80901409066282
0.71715448704781 2.22536565451883
0.719314283295535 2.13921696110629
0.71978833579924 2.04209895650856
0.721284019364975 1.77848960445263
0.724868727801368 1.11304745031521
0.726724283839576 2.7610670577269
0.755350463220384 1.86238527377136
0.765877736860421 1.68992261984386
0.767625009012409 2.85765956719406
0.772268174402416 2.16236426346004
0.788717734988313 1.38307200921699
0.795702332467772 1.28348878878169
