0.06 0.1 0.11 0.16 0.16 0.14 0.16 0.17 0.09 0.19 0.13 0.19 0.16 0.03 0.05 0.17 0.09 0.19 0.06 0.17 0.07 0.06 0.05 0.15 0.19 0.17 0.15 0.21 0.17 0.18 0.07 0.08 0.1 0.04 0.07 0.2 0.22 0.08 0.08 0.06 0.13 0.11 0.12 0.1 0.14 0.21 0.16 0.16 0.12 0.18 0.23 0.17 0.17 0.06 0.25 0.17 0.23 0.21 0.07 0.13 0.21 0.11 0.24 0.03 0.06 0.05 0.2 0.23 0.07 0.1 0.06 0.2 0.08 0.05 0.14 0.21 0.09 0.18 0.24 0.21 0.18 0.1 0.07 0.19 0.05 0.15 0.14 0.15 0.22 0.22 0.15 0.22 0.19 0.1
0.06 0.1 0.11 0.16 0.16 0.14 0.16 0.17 0.09 0.19 0.12 0.19 0.16 0.03 0.05 0.17 0.09 0.19 0.06 0.17 0.07 0.06 0.05 0.15 0.19 0.17 0.15 0.21 0.17 0.18 0.07 0.08 0.1 0.04 0.07 0.2 0.22 0.08 0.08 0.06 0.13 0.11 0.12 0.1 0.14 0.2 0.16 0.16 0.12 0.18 0.23 0.17 0.17 0.06 0.25 0.17 0.23 0.2 0.07 0.13 0.21 0.11 0.24 0.03 0.06 0.05 0.2 0.23 0.07 0.1 0.06 0.2 0.08 0.05 0.14 0.21 0.09 0.18 0.23 0.21 0.17 0.1 0.07 0.19 0.05 0.15 0.14 0.15 0.22 0.22 0.15 0.22 0.18 0.1
0.06 0.1 0.11 0.16 0.16 0.14 0.16 0.17 0.09 0.19 0.12 0.19 0.16 0.03 0.05 0.17 0.09 0.19 0.06 0.17 0.07 0.06 0.05 0.15 0.19 0.17 0.15 0.21 0.17 0.18 0.07 0.08 0.1 0.04 0.07 0.2 0.22 0.08 0.08 0.06 0.13 0.11 0.12 0.1 0.14 0.2 0.16 0.16 0.12 0.17 0.23 0.17 0.17 0.06 0.24 0.17 0.23 0.2 0.07 0.13 0.21 0.11 0.24 0.03 0.06 0.05 0.19 0.23 0.06 0.1 0.06 0.2 0.08 0.05 0.14 0.21 0.09 0.17 0.23 0.21 0.17 0.1 0.07 0.18 0.05 0.14 0.13 0.15 0.22 0.22 0.15 0.22 0.18 0.1
0.06 0.1 0.11 0.16 0.16 0.14 0.15 0.17 0.09 0.19 0.12 0.19 0.16 0.04 0.05 0.17 0.09 0.19 0.06 0.17 0.07 0.06 0.05 0.15 0.19 0.16 0.14 0.21 0.17 0.18 0.07 0.08 0.1 0.04 0.07 0.2 0.22 0.08 0.08 0.06 0.13 0.11 0.12 0.1 0.14 0.2 0.15 0.16 0.12 0.17 0.23 0.17 0.17 0.06 0.24 0.17 0.23 0.2 0.07 0.13 0.21 0.11 0.24 0.03 0.06 0.05 0.19 0.23 0.06 0.1 0.06 0.2 0.08 0.05 0.14 0.21 0.09 0.17 0.23 0.21 0.17 0.09 0.07 0.18 0.05 0.14 0.13 0.15 0.22 0.22 0.15 0.22 0.18 0.1
0.06 0.1 0.11 0.16 0.16 0.14 0.15 0.17 0.08 0.19 0.12 0.19 0.16 0.04 0.05 0.17 0.09 0.19 0.06 0.17 0.07 0.06 0.05 0.15 0.19 0.16 0.14 0.21 0.17 0.18 0.07 0.08 0.1 0.04 0.07 0.2 0.22 0.08 0.08 0.06 0.13 0.11 0.12 0.1 0.14 0.2 0.15 0.16 0.12 0.17 0.23 0.17 0.17 0.06 0.24 0.17 0.23 0.2 0.07 0.13 0.21 0.11 0.24 0.03 0.06 0.05 0.19 0.23 0.06 0.1 0.06 0.2 0.08 0.05 0.14 0.21 0.09 0.17 0.23 0.21 0.17 0.09 0.07 0.18 0.05 0.14 0.13 0.15 0.22 0.22 0.15 0.22 0.18 0.1
0.06 0.09 0.11 0.16 0.16 0.14 0.15 0.17 0.08 0.19 0.12 0.19 0.16 0.04 0.05 0.17 0.09 0.19 0.06 0.17 0.07 0.06 0.05 0.15 0.19 0.16 0.14 0.21 0.17 0.18 0.07 0.08 0.1 0.04 0.07 0.2 0.21 0.08 0.07 0.06 0.13 0.1 0.12 0.1 0.14 0.2 0.15 0.16 0.12 0.17 0.23 0.17 0.17 0.06 0.24 0.17 0.23 0.2 0.06 0.13 0.21 0.11 0.24 0.03 0.06 0.05 0.19 0.23 0.06 0.1 0.06 0.2 0.08 0.05 0.14 0.21 0.09 0.17 0.23 0.21 0.17 0.09 0.07 0.18 0.05 0.14 0.13 0.15 0.22 0.22 0.15 0.22 0.18 0.1
0.06 0.09 0.11 0.16 0.16 0.14 0.15 0.17 0.08 0.19 0.12 0.19 0.16 0.04 0.05 0.17 0.09 0.19 0.06 0.17 0.07 0.06 0.05 0.15 0.19 0.16 0.14 0.21 0.17 0.18 0.07 0.08 0.1 0.04 0.07 0.2 0.21 0.08 0.07 0.06 0.13 0.1 0.12 0.1 0.14 0.2 0.15 0.16 0.12 0.17 0.23 0.17 0.17 0.06 0.24 0.17 0.23 0.2 0.06 0.13 0.21 0.11 0.24 0.03 0.05 0.05 0.19 0.23 0.06 0.1 0.06 0.2 0.08 0.05 0.14 0.21 0.09 0.17 0.23 0.21 0.17 0.09 0.07 0.18 0.05 0.14 0.13 0.15 0.22 0.22 0.15 0.22 0.18 0.1
0.06 0.09 0.11 0.16 0.16 0.14 0.15 0.17 0.08 0.19 0.12 0.19 0.16 0.04 0.05 0.17 0.09 0.19 0.06 0.17 0.07 0.06 0.05 0.15 0.19 0.16 0.14 0.21 0.17 0.18 0.07 0.08 0.1 0.05 0.07 0.2 0.21 0.08 0.07 0.06 0.13 0.1 0.12 0.1 0.14 0.21 0.15 0.16 0.12 0.18 0.23 0.17 0.17 0.06 0.24 0.17 0.23 0.2 0.06 0.13 0.21 0.11 0.24 0.03 0.05 0.05 0.19 0.23 0.06 0.1 0.06 0.2 0.08 0.05 0.14 0.21 0.09 0.17 0.23 0.21 0.17 0.1 0.07 0.18 0.05 0.14 0.13 0.15 0.22 0.22 0.15 0.22 0.18 0.1
0.06 0.09 0.11 0.16 0.16 0.14 0.15 0.17 0.08 0.19 0.12 0.19 0.16 0.04 0.05 0.17 0.09 0.19 0.06 0.17 0.07 0.06 0.05 0.15 0.19 0.16 0.14 0.21 0.17 0.18 0.07 0.08 0.1 0.05 0.07 0.2 0.21 0.08 0.07 0.06 0.13 0.1 0.12 0.1 0.14 0.21 0.15 0.16 0.12 0.17 0.23 0.16 0.17 0.06 0.24 0.17 0.23 0.2 0.06 0.13 0.21 0.11 0.24 0.03 0.05 0.05 0.19 0.23 0.06 0.1 0.06 0.2 0.08 0.05 0.14 0.21 0.09 0.17 0.23 0.21 0.17 0.09 0.07 0.18 0.05 0.14 0.13 0.15 0.22 0.22 0.15 0.22 0.18 0.1
0.06 0.09 0.11 0.16 0.16 0.14 0.15 0.17 0.08 0.19 0.12 0.19 0.16 0.04 0.05 0.17 0.09 0.19 0.06 0.17 0.07 0.06 0.05 0.15 0.19 0.16 0.14 0.21 0.17 0.18 0.07 0.08 0.1 0.05 0.08 0.2 0.21 0.08 0.07 0.06 0.13 0.1 0.12 0.1 0.14 0.21 0.15 0.16 0.12 0.17 0.23 0.16 0.17 0.06 0.24 0.17 0.23 0.2 0.06 0.13 0.21 0.11 0.24 0.03 0.05 0.05 0.19 0.23 0.06 0.1 0.06 0.19 0.08 0.05 0.14 0.21 0.09 0.17 0.23 0.21 0.17 0.09 0.07 0.18 0.05 0.14 0.13 0.15 0.22 0.21 0.15 0.22 0.18 0.1
0.06 0.09 0.11 0.16 0.16 0.14 0.15 0.17 0.08 0.18 0.12 0.19 0.16 0.04 0.05 0.17 0.09 0.19 0.06 0.17 0.07 0.06 0.05 0.15 0.19 0.16 0.14 0.21 0.17 0.18 0.07 0.08 0.1 0.05 0.08 0.2 0.21 0.08 0.07 0.06 0.13 0.1 0.12 0.1 0.14 0.21 0.15 0.16 0.11 0.17 0.23 0.16 0.17 0.06 0.24 0.17 0.23 0.2 0.06 0.13 0.21 0.11 0.24 0.04 0.05 0.05 0.19 0.23 0.06 0.09 0.05 0.19 0.08 0.05 0.14 0.21 0.09 0.17 0.23 0.21 0.17 0.09 0.07 0.18 0.05 0.14 0.13 0.15 0.22 0.21 0.15 0.22 0.18 0.1
0.06 0.09 0.11 0.16 0.16 0.14 0.15 0.17 0.08 0.18 0.12 0.19 0.16 0.04 0.05 0.16 0.09 0.19 0.06 0.17 0.07 0.06 0.05 0.15 0.19 0.16 0.14 0.21 0.17 0.18 0.07 0.08 0.1 0.05 0.08 0.2 0.21 0.08 0.07 0.06 0.13 0.1 0.12 0.1 0.14 0.21 0.15 0.16 0.11 0.17 0.23 0.16 0.17 0.06 0.24 0.17 0.23 0.19 0.06 0.13 0.21 0.11 0.23 0.04 0.05 0.05 0.19 0.23 0.06 0.09 0.05 0.19 0.08 0.05 0.14 0.2 0.09 0.17 0.23 0.2 0.17 0.09 0.07 0.18 0.05 0.13 0.13 0.15 0.22 0.21 0.15 0.22 0.18 0.1
0.06 0.09 0.11 0.16 0.16 0.14 0.15 0.17 0.08 0.18 0.12 0.19 0.16 0.04 0.05 0.16 0.09 0.19 0.06 0.17 0.07 0.06 0.05 0.15 0.19 0.16 0.14 0.21 0.17 0.18 0.07 0.08 0.1 0.05 0.08 0.2 0.21 0.08 0.07 0.06 0.13 0.1 0.12 0.1 0.14 0.21 0.15 0.16 0.11 0.17 0.23 0.16 0.17 0.06 0.24 0.17 0.23 0.19 0.06 0.13 0.21 0.11 0.23 0.04 0.05 0.05 0.19 0.23 0.06 0.09 0.05 0.19 0.08 0.05 0.13 0.2 0.09 0.16 0.23 0.2 0.17 0.09 0.07 0.18 0.05 0.13 0.12 0.15 0.22 0.21 0.15 0.22 0.18 0.1
0.06 0.09 0.11 0.16 0.16 0.14 0.15 0.17 0.08 0.18 0.12 0.19 0.16 0.04 0.05 0.16 0.09 0.19 0.06 0.17 0.07 0.06 0.05 0.15 0.19 0.16 0.14 0.21 0.17 0.18 0.07 0.08 0.1 0.05 0.08 0.2 0.21 0.08 0.07 0.06 0.13 0.1 0.12 0.1 0.14 0.21 0.15 0.16 0.11 0.17 0.23 0.16 0.17 0.06 0.24 0.17 0.23 0.19 0.06 0.13 0.21 0.11 0.23 0.04 0.05 0.05 0.19 0.23 0.06 0.09 0.05 0.19 0.08 0.05 0.14 0.2 0.09 0.16 0.23 0.2 0.17 0.09 0.07 0.18 0.05 0.13 0.12 0.15 0.22 0.21 0.15 0.22 0.18 0.1
0.06 0.09 0.11 0.16 0.16 0.14 0.15 0.17 0.08 0.18 0.12 0.19 0.16 0.04 0.05 0.17 0.09 0.19 0.06 0.17 0.07 0.06 0.05 0.15 0.19 0.16 0.14 0.21 0.17 0.18 0.07 0.08 0.1 0.05 0.08 0.2 0.21 0.08 0.07 0.06 0.13 0.1 0.12 0.1 0.14 0.21 0.15 0.16 0.11 0.18 0.23 0.16 0.17 0.06 0.24 0.17 0.23 0.19 0.06 0.13 0.21 0.12 0.24 0.04 0.05 0.05 0.19 0.23 0.06 0.09 0.05 0.19 0.08 0.05 0.14 0.2 0.09 0.16 0.23 0.2 0.17 0.09 0.07 0.18 0.05 0.13 0.12 0.15 0.22 0.21 0.15 0.22 0.18 0.1
0.07 0.09 0.11 0.16 0.16 0.14 0.15 0.17 0.08 0.18 0.12 0.19 0.16 0.04 0.05 0.17 0.09 0.19 0.06 0.17 0.07 0.06 0.05 0.15 0.2 0.16 0.14 0.21 0.17 0.18 0.07 0.08 0.1 0.05 0.08 0.2 0.21 0.08 0.07 0.06 0.13 0.1 0.12 0.1 0.14 0.21 0.15 0.16 0.11 0.18 0.23 0.16 0.17 0.06 0.24 0.17 0.23 0.19 0.06 0.13 0.21 0.12 0.24 0.04 0.05 0.05 0.19 0.23 0.06 0.09 0.05 0.19 0.08 0.05 0.14 0.2 0.09 0.16 0.23 0.2 0.17 0.09 0.06 0.18 0.05 0.13 0.12 0.15 0.22 0.21 0.15 0.22 0.18 0.1
0.07 0.08 0.11 0.16 0.16 0.14 0.15 0.17 0.07 0.18 0.12 0.19 0.16 0.04 0.05 0.16 0.09 0.19 0.05 0.17 0.07 0.06 0.05 0.15 0.19 0.16 0.14 0.21 0.17 0.18 0.07 0.08 0.1 0.05 0.08 0.19 0.21 0.08 0.07 0.06 0.13 0.1 0.12 0.1 0.14 0.21 0.15 0.16 0.11 0.17 0.23 0.16 0.16 0.06 0.24 0.17 0.23 0.19 0.06 0.12 0.21 0.11 0.23 0.04 0.05 0.05 0.19 0.23 0.06 0.09 0.05 0.19 0.08 0.05 0.13 0.2 0.09 0.16 0.22 0.2 0.17 0.09 0.06 0.17 0.05 0.13 0.12 0.15 0.22 0.21 0.15 0.21 0.18 0.1
0.07 0.08 0.1 0.16 0.16 0.14 0.15 0.17 0.07 0.18 0.12 0.19 0.16 0.04 0.05 0.16 0.09 0.19 0.05 0.17 0.07 0.06 0.05 0.15 0.19 0.16 0.14 0.21 0.17 0.18 0.07 0.08 0.1 0.05 0.08 0.19 0.21 0.08 0.07 0.06 0.13 0.09 0.12 0.1 0.14 0.21 0.15 0.16 0.11 0.17 0.23 0.16 0.16 0.06 0.24 0.17 0.22 0.19 0.06 0.12 0.2 0.11 0.23 0.04 0.05 0.05 0.19 0.23 0.06 0.09 0.05 0.19 0.08 0.05 0.13 0.2 0.09 0.16 0.22 0.2 0.16 0.09 0.06 0.17 0.05 0.13 0.12 0.15 0.21 0.21 0.15 0.21 0.18 0.1
0.07 0.08 0.1 0.16 0.16 0.14 0.15 0.17 0.07 0.18 0.12 0.19 0.16 0.04 0.05 0.16 0.09 0.19 0.05 0.17 0.07 0.06 0.05 0.15 0.19 0.16 0.14 0.21 0.17 0.17 0.07 0.08 0.09 0.05 0.08 0.19 0.21 0.08 0.07 0.06 0.13 0.09 0.12 0.1 0.14 0.21 0.15 0.16 0.11 0.17 0.23 0.16 0.16 0.06 0.24 0.17 0.22 0.19 0.06 0.12 0.2 0.11 0.23 0.04 0.05 0.05 0.19 0.23 0.06 0.09 0.05 0.19 0.08 0.05 0.13 0.2 0.09 0.16 0.22 0.2 0.16 0.09 0.06 0.17 0.05 0.13 0.12 0.15 0.21 0.21 0.15 0.21 0.18 0.1
0.07 0.08 0.1 0.16 0.16 0.14 0.15 0.17 0.07 0.18 0.12 0.19 0.16 0.04 0.05 0.16 0.09 0.19 0.05 0.17 0.07 0.06 0.05 0.15 0.19 0.16 0.14 0.21 0.17 0.17 0.07 0.08 0.09 0.05 0.08 0.19 0.2 0.08 0.07 0.06 0.13 0.09 0.12 0.09 0.14 0.21 0.14 0.16 0.11 0.17 0.23 0.16 0.16 0.06 0.24 0.17 0.22 0.19 0.06 0.12 0.2 0.11 0.23 0.04 0.05 0.05 0.19 0.23 0.06 0.09 0.05 0.19 0.08 0.05 0.13 0.2 0.09 0.16 0.22 0.2 0.16 0.09 0.06 0.17 0.05 0.13 0.12 0.15 0.21 0.21 0.15 0.21 0.18 0.1
0.07 0.08 0.1 0.16 0.16 0.14 0.15 0.17 0.07 0.18 0.12 0.19 0.16 0.04 0.05 0.16 0.1 0.19 0.05 0.17 0.07 0.06 0.05 0.15 0.2 0.16 0.14 0.21 0.17 0.18 0.07 0.08 0.1 0.05 0.08 0.19 0.21 0.08 0.07 0.06 0.13 0.09 0.12 0.1 0.14 0.21 0.15 0.16 0.11 0.17 0.23 0.16 0.16 0.06 0.24 0.17 0.23 0.19 0.06 0.12 0.21 0.12 0.23 0.04 0.05 0.04 0.19 0.23 0.06 0.09 0.05 0.19 0.08 0.05 0.13 0.2 0.09 0.16 0.22 0.2 0.17 0.09 0.06 0.17 0.05 0.13 0.12 0.15 0.22 0.21 0.15 0.21 0.18 0.1
0.07 0.08 0.1 0.16 0.16 0.14 0.15 0.17 0.07 0.18 0.12 0.19 0.17 0.04 0.05 0.17 0.1 0.19 0.05 0.17 0.07 0.05 0.05 0.15 0.2 0.16 0.14 0.21 0.17 0.18 0.07 0.08 0.1 0.05 0.08 0.2 0.21 0.08 0.07 0.06 0.13 0.09 0.13 0.1 0.14 0.21 0.15 0.16 0.11 0.18 0.23 0.16 0.17 0.06 0.24 0.17 0.23 0.19 0.06 0.12 0.21 0.12 0.24 0.04 0.05 0.04 0.19 0.23 0.06 0.09 0.05 0.19 0.08 0.05 0.13 0.2 0.09 0.16 0.23 0.2 0.17 0.09 0.06 0.17 0.05 0.13 0.12 0.16 0.22 0.21 0.15 0.22 0.18 0.1
0.07 0.08 0.11 0.16 0.16 0.15 0.15 0.17 0.07 0.18 0.12 0.19 0.17 0.04 0.05 0.17 0.1 0.19 0.05 0.17 0.07 0.05 0.05 0.15 0.2 0.16 0.14 0.21 0.17 0.18 0.07 0.08 0.1 0.05 0.08 0.2 0.21 0.08 0.07 0.06 0.13 0.09 0.13 0.1 0.15 0.22 0.15 0.16 0.11 0.18 0.24 0.17 0.17 0.06 0.25 0.17 0.24 0.2 0.06 0.13 0.22 0.12 0.24 0.04 0.05 0.04 0.2 0.24 0.06 0.09 0.05 0.2 0.09 0.05 0.14 0.21 0.1 0.16 0.24 0.21 0.18 0.1 0.06 0.18 0.05 0.13 0.12 0.16 0.23 0.22 0.16 0.23 0.19 0.1
0.07 0.08 0.11 0.16 0.16 0.15 0.16 0.17 0.07 0.19 0.12 0.19 0.17 0.04 0.05 0.17 0.1 0.2 0.05 0.18 0.08 0.05 0.05 0.16 0.2 0.16 0.15 0.22 0.18 0.19 0.07 0.08 0.1 0.05 0.09 0.21 0.22 0.08 0.07 0.06 0.13 0.09 0.13 0.1 0.15 0.22 0.15 0.17 0.11 0.19 0.25 0.17 0.17 0.06 0.26 0.18 0.25 0.21 0.06 0.13 0.23 0.12 0.25 0.04 0.05 0.04 0.21 0.25 0.06 0.09 0.05 0.21 0.09 0.05 0.14 0.22 0.1 0.17 0.25 0.23 0.19 0.1 0.06 0.19 0.06 0.13 0.12 0.17 0.25 0.23 0.16 0.24 0.2 0.11
0.07 0.08 0.11 0.17 0.17 0.15 0.17 0.18 0.08 0.2 0.12 0.21 0.18 0.04 0.05 0.19 0.1 0.22 0.05 0.2 0.08 0.05 0.05 0.17 0.22 0.17 0.16 0.24 0.2 0.21 0.07 0.08 0.1 0.05 0.09 0.24 0.24 0.09 0.07 0.07 0.15 0.1 0.15 0.11 0.17 0.26 0.18 0.2 0.12 0.22 0.29 0.2 0.2 0.06 0.3 0.22 0.3 0.24 0.06 0.15 0.28 0.14 0.3 0.04 0.05 0.04 0.26 0.31 0.06 0.1 0.05 0.25 0.1 0.05 0.17 0.28 0.12 0.19 0.31 0.29 0.23 0.11 0.07 0.24 0.06 0.15 0.13 0.21 0.31 0.3 0.2 0.31 0.24 0.12
0.07 0.08 0.12 0.19 0.19 0.18 0.2 0.22 0.08 0.23 0.14 0.25 0.21 0.04 0.06 0.23 0.12 0.27 0.06 0.25 0.09 0.05 0.05 0.21 0.28 0.22 0.2 0.32 0.27 0.29 0.08 0.09 0.12 0.05 0.11 0.33 0.33 0.1 0.08 0.07 0.18 0.12 0.19 0.13 0.22 0.35 0.24 0.28 0.15 0.32 0.41 0.27 0.26 0.06 0.43 0.31 0.44 0.35 0.06 0.2 0.43 0.18 0.45 0.04 0.05 0.05 0.4 0.48 0.07 0.13 0.05 0.36 0.14 0.06 0.24 0.42 0.16 0.27 0.47 0.45 0.36 0.16 0.08 0.36 0.06 0.21 0.18 0.32 0.5 0.47 0.31 0.48 0.36 0.17
0.09 0.13 0.23 0.49 0.48 0.45 0.55 0.6 0.16 0.67 0.32 0.78 0.57 0.05 0.08 0.68 0.31 0.91 0.09 0.88 0.21 0.07 0.08 0.68 0.92 0.72 0.65 1.19 0.93 1.08 0.22 0.21 0.34 0.07 0.33 1.26 1.33 0.27 0.22 0.1 0.59 0.35 0.66 0.4 0.79 1.45 0.87 1.03 0.49 1.11 1.67 1.02 0.98 0.11 1.81 1.2 1.91 1.42 0.11 0.71 1.71 0.67 1.97 0.06 0.06 0.08 1.45 2.05 0.11 0.41 0.08 1.47 0.51 0.07 0.81 1.72 0.57 1.07 1.84 1.67 1.24 0.51 0.24 1.34 0.06 0.79 0.66 1.12 1.97 1.89 1.05 1.73 1.42 0.66
0.14 0.25 0.45 1.06 1.05 1.02 1.2 1.32 0.32 1.56 0.67 1.83 1.33 0.05 0.13 1.38 0.64 2.02 0.17 1.82 0.47 0.09 0.15 1.44 2.04 1.55 1.31 2.72 1.76 2.14 0.44 0.48 0.79 0.13 0.68 2.55 3.1 0.57 0.45 0.18 1.28 0.73 1.32 0.87 1.77 3.25 1.62 1.91 0.97 1.93 3.49 1.98 2.15 0.19 3.81 2.23 3.85 2.77 0.21 1.32 3.09 1.38 4.16 0.1 0.06 0.13 2.42 3.96 0.18 0.74 0.15 2.8 1.09 0.11 1.41 3.11 1.05 2.13 3.33 2.78 2.01 0.89 0.45 2.28 0.09 1.46 1.4 1.86 3.4 3.3 1.71 2.88 2.65 1.35
0.19 0.37 0.64 1.48 1.49 1.48 1.67 1.85 0.47 2.25 0.94 2.61 1.95 0.05 0.19 1.83 0.87 2.78 0.23 2.41 0.69 0.12 0.21 1.94 2.82 2.09 1.72 3.78 2.28 2.76 0.58 0.71 1.13 0.18 0.92 3.36 4.34 0.79 0.59 0.24 1.74 0.97 1.71 1.2 2.45 4.45 2.04 2.4 1.25 2.37 4.73 2.53 2.92 0.25 5.04 2.8 4.99 3.53 0.29 1.67 3.82 1.82 5.5 0.13 0.07 0.17 2.92 5.04 0.24 0.92 0.2 3.55 1.46 0.15 1.74 3.87 1.31 2.74 4.14 3.34 2.4 1.1 0.57 2.78 0.11 1.82 1.86 2.25 4.13 4.05 2.04 3.47 3.33 1.77
0.24 0.46 0.77 1.77 1.81 1.81 1.99 2.21 0.57 2.75 1.12 3.16 2.41 0.05 0.23 2.13 1.03 3.3 0.28 2.79 0.84 0.14 0.26 2.27 3.34 2.45 1.98 4.5 2.59 3.15 0.67 0.88 1.37 0.23 1.08 3.85 5.17 0.93 0.68 0.29 2.04 1.12 1.97 1.42 2.91 5.25 2.3 2.71 1.42 2.64 5.51 2.88 3.41 0.28 5.84 3.15 5.71 4.01 0.34 1.88 4.28 2.1 6.35 0.16 0.08 0.19 3.21 5.71 0.27 1.02 0.22 4.01 1.7 0.18 1.93 4.33 1.48 3.11 4.64 3.67 2.63 1.22 0.64 3.08 0.12 2.03 2.15 2.49 4.58 4.5 2.25 3.84 3.75 2.05
0.28 0.51 0.84 1.92 1.99 1.99 2.16 2.43 0.62 3.01 1.22 3.45 2.66 0.06 0.26 2.28 1.12 3.64 0.29 2.99 0.93 0.15 0.28 2.44 3.62 2.63 2.12 4.87 2.78 3.35 0.72 0.96 1.51 0.26 1.17 4.11 5.6 1.01 0.72 0.31 2.19 1.19 2.11 1.54 3.15 5.67 2.43 2.87 1.5 2.79 5.92 3.05 3.67 0.3 6.25 3.32 6.07 4.24 0.36 1.98 4.51 2.25 6.79 0.19 0.08 0.19 3.36 6.05 0.29 1.07 0.23 4.24 1.83 0.2 2.03 4.55 1.58 3.29 4.9 3.83 2.75 1.28 0.67 3.23 0.13 2.13 2.29 2.62 4.8 4.72 2.35 4.03 3.96 2.19
0.29 0.51 0.85 1.95 2.03 2.02 2.18 2.49 0.62 3.04 1.23 3.48 2.71 0.06 0.27 2.31 1.14 3.68 0.29 3.01 0.95 0.14 0.29 2.47 3.67 2.64 2.13 4.93 2.8 3.37 0.72 0.96 1.52 0.27 1.19 4.16 5.64 1.01 0.72 0.32 2.21 1.19 2.13 1.56 3.2 5.75 2.44 2.89 1.5 2.81 6.1 3.08 3.7 0.3 6.31 3.34 6.13 4.26 0.35 1.99 4.54 2.28 6.85 0.2 0.08 0.19 3.38 6.1 0.29 1.07 0.23 4.26 1.87 0.2 2.04 4.58 1.6 3.3 4.93 3.85 2.76 1.29 0.66 3.24 0.14 2.13 2.29 2.65 4.84 4.74 2.36 4.06 3.99 2.22
0.28 0.49 0.83 1.91 1.99 1.98 2.13 2.47 0.6 2.97 1.2 3.4 2.67 0.06 0.27 2.27 1.13 3.66 0.28 2.96 0.94 0.14 0.29 2.44 3.62 2.58 2.09 4.84 2.78 3.31 0.7 0.94 1.49 0.27 1.18 4.1 5.51 0.99 0.7 0.31 2.17 1.16 2.1 1.53 3.16 5.67 2.39 2.85 1.46 2.78 6 3.03 3.63 0.3 6.21 3.29 6.05 4.18 0.33 1.95 4.49 2.25 6.74 0.2 0.08 0.18 3.34 6.03 0.28 1.04 0.21 4.19 1.85 0.19 2.01 4.52 1.58 3.22 4.87 3.81 2.72 1.28 0.64 3.19 0.14 2.09 2.23 2.63 4.79 4.68 2.34 4.01 3.94 2.19
0.27 0.45 0.8 1.83 1.91 1.89 2.04 2.39 0.57 2.83 1.14 3.25 2.56 0.06 0.26 2.2 1.09 3.52 0.26 2.86 0.9 0.12 0.28 2.36 3.49 2.47 2.02 4.65 2.71 3.21 0.67 0.88 1.43 0.26 1.15 3.98 5.27 0.94 0.66 0.3 2.08 1.11 2.04 1.47 3.05 5.47 2.31 2.77 1.4 2.72 5.8 2.93 3.5 0.28 6.01 3.2 5.87 4.04 0.31 1.89 4.38 2.19 6.52 0.21 0.07 0.16 3.26 5.86 0.27 1.01 0.19 4.06 1.8 0.19 1.96 4.39 1.55 3.1 4.74 3.72 2.65 1.24 0.61 3.1 0.13 2.01 2.14 2.58 4.68 4.55 2.29 3.92 3.83 2.13
0.25 0.41 0.74 1.71 1.79 1.75 1.91 2.24 0.52 2.62 1.06 3.02 2.38 0.06 0.24 2.09 1.04 3.34 0.23 2.71 0.85 0.11 0.27 2.23 3.29 2.31 1.91 4.36 2.6 3.05 0.62 0.81 1.33 0.25 1.1 3.8 4.91 0.88 0.62 0.27 1.96 1.04 1.95 1.38 2.88 5.18 2.2 2.66 1.32 2.62 5.58 2.79 3.29 0.27 5.7 3.07 5.6 3.84 0.28 1.8 4.2 2.08 6.18 0.21 0.07 0.15 3.14 5.61 0.25 0.95 0.17 3.86 1.72 0.17 1.87 4.2 1.49 2.93 4.91 3.58 2.54 1.19 0.57 2.97 0.13 1.9 2 2.5 4.51 4.36 2.21 3.78 3.67 2.03
0.23 0.36 0.68 1.58 1.64 1.6 1.76 2.09 0.46 2.38 0.97 2.76 2.18 0.06 0.22 1.95 0.97 3.1 0.21 2.53 0.78 0.1 0.25 2.09 3.06 2.13 1.78 4.03 2.47 2.86 0.57 0.73 1.21 0.23 1.03 3.58 4.5 0.81 0.56 0.25 1.82 0.96 1.83 1.28 2.68 4.82 2.07 2.51 1.23 2.5 5.21 2.62 3.06 0.25 5.53 2.91 5.27 3.6 0.24 1.69 4 1.96 5.78 0.2 0.07 0.13 3 5.3 0.23 0.89 0.14 3.64 1.63 0.16 1.78 3.98 1.42 2.73 4.72 3.42 2.43 1.14 0.52 2.81 0.12 1.78 1.85 2.4 4.31 4.14 2.12 3.62 3.47 1.91
0.21 0.32 0.61 1.44 1.5 1.45 1.61 1.93 0.41 2.15 0.88 2.5 1.98 0.06 0.2 1.82 0.9 2.85 0.18 2.35 0.71 0.09 0.23 1.94 2.82 1.96 1.66 3.7 2.33 2.67 0.52 0.65 1.1 0.21 0.97 3.36 4.1 0.73 0.51 0.23 1.67 0.88 1.72 1.17 2.48 4.46 1.94 2.37 1.14 2.38 4.84 2.46 2.82 0.23 5.22 2.75 4.93 3.36 0.21 1.58 3.78 1.83 5.38 0.19 0.06 0.11 2.86 4.99 0.21 0.83 0.12 3.41 1.53 0.15 1.68 3.75 1.35 2.54 4.51 3.26 2.3 1.08 0.48 2.66 0.11 1.66 1.7 2.29 4.1 3.91 2.03 3.45 3.28 1.78
0.2 0.28 0.56 1.33 1.39 1.32 1.48 1.79 0.37 1.96 0.8 2.29 1.82 0.06 0.19 1.7 0.85 2.67 0.16 2.2 0.66 0.08 0.22 1.81 2.62 1.81 1.55 3.42 2.2 2.5 0.48 0.59 1.01 0.2 0.91 3.17 3.77 0.67 0.47 0.21 1.55 0.81 1.62 1.09 2.31 4.16 1.82 2.25 1.06 2.27 4.59 2.31 2.62 0.21 4.96 2.62 4.65 3.16 0.19 1.49 3.6 1.72 5.03 0.19 0.06 0.1 2.73 4.72 0.19 0.78 0.11 3.21 1.44 0.14 1.6 3.56 1.29 2.37 4.27 3.11 2.2 1.02 0.44 2.53 0.11 1.56 1.57 2.2 3.92 3.72 1.94 3.3 3.11 1.68
0.19 0.25 0.52 1.23 1.28 1.21 1.36 1.66 0.34 1.79 0.73 2.1 1.67 0.06 0.18 1.59 0.8 2.47 0.15 2.06 0.61 0.07 0.2 1.7 2.44 1.67 1.44 3.16 2.09 2.35 0.44 0.54 0.92 0.19 0.86 2.99 3.46 0.62 0.43 0.19 1.44 0.75 1.52 1.01 2.15 3.87 1.71 2.13 0.98 2.17 4.29 2.18 2.43 0.19 4.71 2.48 4.37 2.96 0.17 1.4 3.42 1.62 4.71 0.19 0.06 0.09 2.61 4.46 0.18 0.73 0.1 3.02 1.36 0.13 1.52 3.37 1.22 2.21 4.09 2.97 2.1 0.97 0.4 2.4 0.1 1.46 1.44 2.12 3.74 3.53 1.86 3.16 2.94 1.58
0.17 0.23 0.48 1.13 1.18 1.11 1.26 1.54 0.31 1.64 0.67 1.92 1.54 0.06 0.17 1.49 0.75 2.31 0.13 1.92 0.57 0.07 0.19 1.59 2.27 1.54 1.35 2.92 1.98 2.21 0.41 0.49 0.85 0.18 0.81 2.82 3.17 0.57 0.39 0.18 1.33 0.69 1.43 0.93 2 3.61 1.61 2.02 0.91 2.07 4.01 2.05 2.25 0.18 4.4 2.36 4.12 2.78 0.15 1.32 3.25 1.52 4.41 0.18 0.06 0.08 2.49 4.22 0.16 0.69 0.08 2.85 1.28 0.12 1.44 3.2 1.17 2.06 3.92 2.84 2.01 0.93 0.37 2.28 0.1 1.38 1.33 2.03 3.58 3.36 1.79 3.03 2.79 1.49
0.16 0.21 0.44 1.05 1.09 1.02 1.16 1.44 0.28 1.5 0.62 1.77 1.42 0.06 0.16 1.4 0.7 2.15 0.12 1.8 0.53 0.06 0.18 1.49 2.11 1.42 1.26 2.71 1.88 2.07 0.38 0.45 0.78 0.17 0.76 2.66 2.92 0.52 0.36 0.16 1.24 0.64 1.35 0.87 1.87 3.37 1.52 1.91 0.85 1.98 3.8 1.93 2.09 0.17 4.17 2.24 3.88 2.61 0.14 1.24 3.09 1.43 4.12 0.17 0.06 0.07 2.38 3.99 0.15 0.64 0.07 2.69 1.21 0.11 1.37 3.03 1.11 1.92 3.74 2.71 1.92 0.88 0.34 2.17 0.1 1.29 1.23 1.96 3.42 3.19 1.72 2.9 2.64 1.4
0.15 0.19 0.4 0.96 1 0.92 1.06 1.32 0.25 1.35 0.56 1.6 1.29 0.06 0.15 1.3 0.65 1.98 0.11 1.66 0.48 0.06 0.17 1.37 1.94 1.3 1.16 2.47 1.77 1.92 0.34 0.41 0.7 0.16 0.71 2.47 2.64 0.47 0.33 0.15 1.13 0.58 1.26 0.79 1.72 3.1 1.41 1.79 0.78 1.87 3.51 1.79 1.92 0.15 3.89 2.11 3.61 2.42 0.12 1.15 2.91 1.33 3.81 0.17 0.05 0.06 2.25 3.73 0.14 0.59 0.07 2.5 1.13 0.11 1.29 2.84 1.05 1.77 3.53 2.57 1.81 0.83 0.31 2.04 0.09 1.2 1.12 1.87 3.24 3 1.63 2.75 2.48 1.3
0.14 0.17 0.37 0.87 0.91 0.84 0.96 1.2 0.23 1.22 0.51 1.44 1.17 0.06 0.14 1.2 0.6 1.81 0.1 1.53 0.44 0.05 0.16 1.26 1.78 1.18 1.07 2.25 1.65 1.78 0.31 0.37 0.64 0.15 0.66 2.3 2.39 0.43 0.29 0.14 1.03 0.52 1.17 0.72 1.58 2.84 1.31 1.68 0.71 1.77 3.24 1.66 1.75 0.14 3.62 1.98 3.35 2.24 0.11 1.07 2.74 1.23 3.51 0.16 0.05 0.06 2.13 3.48 0.13 0.55 0.06 2.32 1.05 0.1 1.21 2.66 0.99 1.62 3.32 2.43 1.72 0.78 0.28 1.92 0.09 1.12 1.01 1.78 3.06 2.82 1.56 2.61 2.32 1.21
0.14 0.16 0.34 0.8 0.83 0.76 0.88 1.11 0.21 1.1 0.46 1.31 1.06 0.06 0.13 1.11 0.56 1.67 0.09 1.42 0.41 0.05 0.15 1.17 1.63 1.07 0.99 2.05 1.55 1.65 0.28 0.33 0.58 0.14 0.61 2.14 2.16 0.39 0.27 0.13 0.95 0.48 1.09 0.66 1.45 2.61 1.22 1.57 0.65 1.67 3.02 1.55 1.6 0.13 3.36 1.86 3.11 2.08 0.1 0.99 2.57 1.14 3.24 0.16 0.05 0.05 2.01 3.25 0.12 0.51 0.05 2.16 0.98 0.1 1.13 2.5 0.93 1.49 3.12 2.3 1.63 0.74 0.25 1.8 0.09 1.03 0.92 1.69 2.89 2.65 1.48 2.48 2.17 1.12
0.13 0.14 0.31 0.74 0.76 0.7 0.81 1.02 0.19 1 0.43 1.2 0.97 0.06 0.12 1.03 0.52 1.54 0.08 1.31 0.38 0.05 0.14 1.08 1.5 0.98 0.91 1.88 1.45 1.53 0.26 0.31 0.53 0.13 0.57 1.99 1.97 0.36 0.24 0.12 0.87 0.44 1.02 0.61 1.34 2.41 1.14 1.47 0.6 1.58 2.8 1.44 1.47 0.12 3.11 1.75 2.89 1.93 0.09 0.92 2.42 1.06 2.99 0.15 0.05 0.05 1.91 3.04 0.11 0.47 0.05 2.01 0.91 0.09 1.07 2.34 0.88 1.37 2.93 2.18 1.54 0.7 0.23 1.7 0.08 0.96 0.84 1.61 2.74 2.49 1.42 2.35 2.03 1.04
0.13 0.13 0.29 0.68 0.71 0.64 0.75 0.94 0.17 0.92 0.39 1.1 0.9 0.06 0.11 0.96 0.49 1.43 0.08 1.22 0.35 0.05 0.13 1.01 1.4 0.9 0.85 1.73 1.37 1.43 0.24 0.28 0.49 0.13 0.54 1.87 1.8 0.33 0.22 0.12 0.8 0.4 0.95 0.56 1.24 2.23 1.06 1.39 0.55 1.5 2.62 1.34 1.36 0.12 2.9 1.65 2.7 1.79 0.08 0.86 2.29 0.99 2.78 0.15 0.05 0.05 1.81 2.85 0.1 0.44 0.05 1.88 0.86 0.09 1.01 2.21 0.83 1.27 2.77 2.07 1.46 0.66 0.21 1.6 0.08 0.9 0.76 1.54 2.6 2.35 1.36 2.24 1.91 0.98
0.12 0.13 0.27 0.63 0.66 0.6 0.69 0.88 0.16 0.85 0.36 1.01 0.84 0.06 0.11 0.9 0.46 1.33 0.07 1.14 0.33 0.05 0.13 0.94 1.3 0.84 0.79 1.6 1.29 1.34 0.22 0.26 0.45 0.12 0.51 1.75 1.65 0.3 0.2 0.11 0.74 0.37 0.89 0.52 1.16 2.08 0.99 1.31 0.51 1.43 2.45 1.26 1.26 0.11 2.71 1.56 2.53 1.67 0.08 0.81 2.16 0.93 2.58 0.14 0.05 0.04 1.72 2.68 0.1 0.41 0.04 1.76 0.81 0.08 0.95 2.08 0.79 1.18 2.62 1.97 1.39 0.62 0.19 1.52 0.08 0.84 0.7 1.48 2.47 2.22 1.31 2.13 1.8 0.92
0.12 0.12 0.26 0.59 0.61 0.56 0.64 0.82 0.15 0.79 0.34 0.94 0.78 0.06 0.11 0.85 0.44 1.24 0.07 1.07 0.31 0.04 0.12 0.88 1.22 0.78 0.74 1.49 1.22 1.26 0.2 0.25 0.42 0.12 0.48 1.64 1.53 0.28 0.19 0.11 0.69 0.34 0.84 0.49 1.08 1.94 0.93 1.24 0.47 1.36 2.29 1.18 1.17 0.1 2.54 1.48 2.38 1.57 0.07 0.76 2.05 0.88 2.41 0.14 0.05 0.04 1.64 2.53 0.09 0.38 0.04 1.66 0.76 0.08 0.9 1.97 0.75 1.1 2.48 1.87 1.33 0.59 0.17 1.44 0.08 0.78 0.65 1.42 2.35 2.11 1.26 2.04 1.7 0.86
0.11 0.11 0.24 0.56 0.58 0.52 0.6 0.77 0.14 0.74 0.32 0.88 0.74 0.06 0.1 0.8 0.41 1.16 0.06 1 0.29 0.04 0.12 0.83 1.14 0.72 0.7 1.39 1.16 1.18 0.19 0.23 0.39 0.11 0.45 1.55 1.41 0.26 0.18 0.1 0.65 0.32 0.8 0.46 1.02 1.82 0.88 1.17 0.44 1.3 2.16 1.11 1.09 0.1 2.39 1.4 2.24 1.47 0.07 0.71 1.95 0.83 2.26 0.14 0.05 0.04 1.56 2.39 0.09 0.35 0.04 1.56 0.72 0.08 0.85 1.86 0.72 1.02 2.35 1.79 1.27 0.56 0.16 1.36 0.08 0.73 0.6 1.36 2.24 2 1.21 1.95 1.61 0.81
0.11 0.11 0.23 0.53 0.54 0.49 0.57 0.72 0.14 0.69 0.3 0.82 0.7 0.06 0.1 0.76 0.39 1.09 0.06 0.94 0.28 0.04 0.11 0.79 1.08 0.67 0.65 1.3 1.1 1.11 0.18 0.22 0.37 0.11 0.43 1.46 1.31 0.24 0.16 0.1 0.61 0.29 0.75 0.43 0.96 1.71 0.83 1.11 0.41 1.25 2.04 1.05 1.02 0.1 2.24 1.33 2.11 1.38 0.06 0.67 1.85 0.78 2.12 0.14 0.05 0.04 1.49 2.26 0.09 0.33 0.04 1.47 0.69 0.08 0.81 1.76 0.68 0.95 2.24 1.71 1.21 0.54 0.15 1.29 0.08 0.68 0.56 1.31 2.14 1.9 1.17 1.87 1.52 0.77
0.11 0.1 0.22 0.49 0.51 0.46 0.53 0.68 0.13 0.64 0.28 0.76 0.65 0.06 0.1 0.71 0.37 1.02 0.06 0.88 0.26 0.04 0.11 0.74 1.01 0.63 0.61 1.21 1.03 1.04 0.17 0.21 0.34 0.11 0.41 1.37 1.21 0.22 0.15 0.09 0.57 0.27 0.71 0.4 0.9 1.6 0.78 1.05 0.38 1.19 1.91 0.98 0.95 0.09 2.1 1.26 1.98 1.29 0.06 0.63 1.75 0.74 1.98 0.13 0.05 0.03 1.42 2.13 0.08 0.31 0.04 1.38 0.65 0.08 0.77 1.66 0.65 0.89 2.11 1.62 1.15 0.51 0.14 1.22 0.07 0.64 0.51 1.25 2.03 1.79 1.12 1.78 1.43 0.72
0.11 0.1 0.21 0.47 0.48 0.43 0.5 0.63 0.12 0.6 0.26 0.71 0.62 0.06 0.09 0.67 0.36 0.95 0.05 0.83 0.25 0.04 0.1 0.7 0.95 0.58 0.58 1.13 0.98 0.98 0.15 0.19 0.32 0.1 0.39 1.29 1.13 0.21 0.14 0.09 0.53 0.25 0.67 0.38 0.84 1.49 0.73 0.99 0.35 1.13 1.79 0.92 0.89 0.09 1.96 1.2 1.86 1.21 0.06 0.59 1.65 0.69 1.85 0.13 0.05 0.03 1.35 2 0.08 0.29 0.04 1.29 0.61 0.07 0.72 1.57 0.62 0.82 1.99 1.54 1.09 0.48 0.13 1.16 0.07 0.6 0.47 1.2 1.93 1.69 1.07 1.7 1.35 0.68
0.1 0.09 0.2 0.44 0.45 0.41 0.47 0.59 0.12 0.56 0.25 0.66 0.58 0.06 0.09 0.63 0.34 0.89 0.05 0.78 0.24 0.04 0.1 0.65 0.89 0.54 0.54 1.05 0.92 0.92 0.14 0.18 0.3 0.1 0.37 1.21 1.04 0.2 0.13 0.09 0.49 0.24 0.63 0.35 0.79 1.39 0.68 0.93 0.33 1.07 1.67 0.87 0.83 0.08 1.83 1.13 1.74 1.13 0.06 0.55 1.56 0.65 1.73 0.13 0.05 0.03 1.28 1.88 0.08 0.27 0.03 1.21 0.58 0.07 0.68 1.47 0.59 0.76 1.88 1.46 1.04 0.46 0.12 1.09 0.07 0.55 0.44 1.15 1.83 1.6 1.02 1.61 1.27 0.64
0.1 0.09 0.19 0.42 0.43 0.39 0.44 0.56 0.11 0.53 0.24 0.62 0.55 0.06 0.09 0.6 0.32 0.84 0.05 0.73 0.23 0.04 0.1 0.62 0.85 0.51 0.51 0.99 0.87 0.86 0.14 0.17 0.28 0.1 0.35 1.14 0.97 0.19 0.13 0.09 0.47 0.22 0.6 0.33 0.75 1.31 0.65 0.89 0.3 1.02 1.58 0.82 0.78 0.08 1.72 1.07 1.64 1.06 0.05 0.52 1.48 0.62 1.62 0.12 0.05 0.03 1.22 1.78 0.07 0.25 0.03 1.14 0.55 0.07 0.65 1.4 0.56 0.71 1.78 1.39 0.99 0.44 0.11 1.03 0.07 0.52 0.41 1.1 1.74 1.51 0.98 1.57 1.21 0.61
0.1 0.09 0.18 0.39 0.4 0.37 0.41 0.53 0.11 0.5 0.22 0.58 0.52 0.06 0.09 0.57 0.31 0.79 0.05 0.69 0.22 0.04 0.09 0.58 0.8 0.48 0.48 0.92 0.82 0.81 0.13 0.17 0.26 0.1 0.33 1.07 0.9 0.17 0.12 0.08 0.44 0.21 0.56 0.31 0.7 1.23 0.6 0.83 0.28 0.97 1.48 0.77 0.72 0.08 1.6 1.01 1.54 0.99 0.05 0.48 1.39 0.58 1.51 0.12 0.05 0.03 1.15 1.67 0.07 0.23 0.03 1.07 0.52 0.07 0.61 1.31 0.53 0.66 1.67 1.31 0.94 0.41 0.1 0.97 0.07 0.48 0.38 1.05 1.65 1.42 0.93 1.51 1.13 0.57
0.1 0.08 0.17 0.37 0.38 0.35 0.39 0.5 0.1 0.47 0.21 0.55 0.49 0.06 0.08 0.53 0.29 0.74 0.05 0.64 0.21 0.04 0.09 0.55 0.76 0.44 0.45 0.86 0.77 0.76 0.12 0.16 0.25 0.09 0.32 1 0.84 0.16 0.11 0.08 0.41 0.19 0.53 0.29 0.66 1.15 0.57 0.79 0.26 0.92 1.38 0.72 0.68 0.08 1.49 0.95 1.44 0.92 0.05 0.45 1.31 0.55 1.41 0.12 0.05 0.03 1.09 1.56 0.07 0.22 0.03 1 0.49 0.07 0.57 1.23 0.5 0.61 1.57 1.24 0.89 0.39 0.09 0.92 0.07 0.45 0.35 1 1.56 1.34 0.89 1.45 1.06 0.53
0.1 0.08 0.17 0.36 0.36 0.33 0.37 0.47 0.1 0.44 0.2 0.52 0.47 0.06 0.08 0.51 0.28 0.7 0.05 0.61 0.2 0.04 0.09 0.52 0.72 0.42 0.42 0.81 0.73 0.72 0.11 0.15 0.24 0.09 0.3 0.95 0.78 0.16 0.11 0.08 0.39 0.18 0.5 0.28 0.62 1.08 0.53 0.75 0.24 0.88 1.3 0.68 0.64 0.07 1.4 0.91 1.36 0.87 0.05 0.43 1.25 0.52 1.33 0.12 0.05 0.03 1.04 1.48 0.07 0.2 0.03 0.94 0.47 0.07 0.55 1.17 0.48 0.57 1.49 1.18 0.84 0.37 0.09 0.87 0.07 0.42 0.32 0.96 1.48 1.27 0.85 1.4 1.01 0.51
0.1 0.08 0.16 0.34 0.35 0.32 0.35 0.45 0.1 0.42 0.19 0.49 0.45 0.06 0.08 0.48 0.27 0.66 0.04 0.58 0.19 0.04 0.09 0.5 0.69 0.39 0.4 0.77 0.7 0.68 0.11 0.15 0.22 0.09 0.29 0.9 0.74 0.15 0.1 0.08 0.37 0.17 0.48 0.26 0.59 1.03 0.5 0.71 0.23 0.84 1.23 0.64 0.6 0.07 1.32 0.86 1.28 0.82 0.05 0.4 1.18 0.49 1.25 0.12 0.05 0.03 0.99 1.4 0.07 0.19 0.03 0.89 0.45 0.07 0.52 1.12 0.46 0.54 1.41 1.13 0.8 0.35 0.08 0.82 0.07 0.39 0.3 0.92 1.41 1.21 0.81 1.35 0.96 0.48
0.1 0.08 0.16 0.33 0.33 0.31 0.34 0.43 0.09 0.4 0.19 0.47 0.43 0.06 0.08 0.46 0.26 0.63 0.04 0.55 0.18 0.04 0.09 0.47 0.66 0.37 0.38 0.73 0.66 0.64 0.1 0.14 0.21 0.09 0.28 0.85 0.69 0.14 0.1 0.08 0.35 0.16 0.46 0.25 0.56 0.97 0.48 0.68 0.22 0.8 1.17 0.61 0.57 0.07 1.25 0.82 1.22 0.77 0.05 0.38 1.13 0.47 1.18 0.11 0.05 0.03 0.94 1.33 0.07 0.18 0.03 0.84 0.43 0.07 0.49 1.07 0.44 0.51 1.34 1.07 0.77 0.34 0.08 0.78 0.07 0.37 0.28 0.88 1.35 1.16 0.78 1.31 0.92 0.46
0.1 0.08 0.15 0.31 0.32 0.29 0.32 0.41 0.09 0.38 0.18 0.45 0.41 0.06 0.08 0.45 0.25 0.6 0.04 0.52 0.18 0.04 0.08 0.45 0.63 0.35 0.36 0.69 0.63 0.61 0.1 0.14 0.2 0.09 0.27 0.81 0.65 0.14 0.09 0.08 0.33 0.15 0.44 0.24 0.54 0.92 0.45 0.64 0.2 0.77 1.11 0.58 0.54 0.07 1.18 0.78 1.15 0.73 0.04 0.36 1.07 0.45 1.12 0.11 0.05 0.03 0.9 1.26 0.06 0.17 0.03 0.79 0.41 0.06 0.47 1.03 0.42 0.48 1.27 1.02 0.73 0.32 0.07 0.74 0.07 0.34 0.27 0.85 1.28 1.11 0.75 1.26 0.87 0.44
0.1 0.07 0.15 0.3 0.31 0.28 0.31 0.39 0.09 0.37 0.17 0.43 0.4 0.06 0.08 0.43 0.24 0.57 0.04 0.5 0.17 0.04 0.08 0.44 0.61 0.34 0.35 0.66 0.61 0.58 0.09 0.13 0.2 0.09 0.26 0.77 0.62 0.13 0.09 0.08 0.32 0.15 0.42 0.23 0.52 0.89 0.43 0.62 0.19 0.74 1.06 0.55 0.52 0.07 1.13 0.75 1.1 0.69 0.04 0.34 1.03 0.43 1.07 0.11 0.05 0.03 0.86 1.21 0.06 0.16 0.03 0.76 0.39 0.06 0.45 0.99 0.41 0.45 1.22 0.98 0.7 0.31 0.07 0.71 0.07 0.33 0.25 0.82 1.23 1.08 0.72 1.22 0.84 0.42
0.1 0.07 0.15 0.29 0.3 0.27 0.3 0.38 0.09 0.35 0.17 0.41 0.39 0.06 0.08 0.42 0.24 0.54 0.04 0.48 0.17 0.03 0.08 0.42 0.58 0.32 0.33 0.63 0.58 0.55 0.09 0.13 0.19 0.09 0.25 0.73 0.59 0.13 0.08 0.07 0.3 0.14 0.4 0.22 0.49 0.84 0.41 0.59 0.18 0.71 1 0.52 0.49 0.07 1.07 0.72 1.05 0.66 0.04 0.33 0.98 0.41 1.01 0.11 0.05 0.03 0.82 1.14 0.06 0.15 0.03 0.72 0.38 0.06 0.43 0.95 0.39 0.42 1.16 0.93 0.67 0.3 0.07 0.67 0.07 0.31 0.24 0.79 1.17 1.03 0.69 1.16 0.81 0.4
0.1 0.07 0.14 0.28 0.29 0.26 0.29 0.36 0.08 0.34 0.16 0.39 0.37 0.06 0.08 0.4 0.23 0.51 0.04 0.45 0.16 0.03 0.08 0.4 0.56 0.31 0.32 0.6 0.55 0.52 0.09 0.12 0.18 0.08 0.24 0.69 0.55 0.12 0.08 0.07 0.29 0.13 0.38 0.21 0.47 0.79 0.39 0.56 0.17 0.68 0.94 0.5 0.46 0.06 1 0.68 0.98 0.62 0.04 0.31 0.92 0.39 0.95 0.11 0.05 0.03 0.78 1.08 0.06 0.15 0.03 0.67 0.36 0.06 0.4 0.89 0.37 0.4 1.09 0.88 0.63 0.28 0.06 0.64 0.07 0.29 0.22 0.75 1.11 0.97 0.66 1.11 0.76 0.38
0.1 0.07 0.14 0.27 0.27 0.25 0.27 0.34 0.08 0.32 0.15 0.37 0.36 0.06 0.07 0.38 0.22 0.49 0.04 0.43 0.16 0.03 0.08 0.38 0.53 0.29 0.3 0.57 0.52 0.49 0.08 0.12 0.17 0.08 0.23 0.66 0.52 0.12 0.08 0.07 0.27 0.13 0.36 0.2 0.45 0.75 0.37 0.53 0.16 0.65 0.89 0.47 0.44 0.06 0.94 0.65 0.93 0.58 0.04 0.29 0.87 0.37 0.89 0.11 0.05 0.03 0.74 1.02 0.06 0.14 0.03 0.64 0.34 0.06 0.38 0.85 0.35 0.37 1.03 0.84 0.6 0.27 0.06 0.6 0.06 0.27 0.21 0.72 1.05 0.92 0.63 1.06 0.73 0.36
0.1 0.07 0.14 0.26 0.27 0.25 0.27 0.33 0.08 0.32 0.15 0.36 0.35 0.06 0.07 0.37 0.21 0.47 0.04 0.42 0.16 0.03 0.08 0.37 0.52 0.28 0.29 0.55 0.5 0.48 0.08 0.12 0.17 0.08 0.23 0.63 0.5 0.12 0.08 0.07 0.26 0.12 0.35 0.19 0.43 0.73 0.35 0.51 0.16 0.63 0.86 0.45 0.42 0.06 0.91 0.62 0.9 0.56 0.04 0.28 0.84 0.36 0.86 0.11 0.05 0.03 0.71 0.98 0.06 0.13 0.03 0.61 0.33 0.06 0.37 0.82 0.34 0.36 0.99 0.81 0.58 0.26 0.06 0.58 0.06 0.25 0.2 0.7 1.02 0.89 0.61 1.03 0.71 0.35
0.1 0.07 0.13 0.26 0.26 0.24 0.26 0.32 0.08 0.31 0.15 0.35 0.34 0.06 0.07 0.36 0.21 0.46 0.04 0.4 0.15 0.03 0.08 0.36 0.5 0.27 0.28 0.53 0.48 0.46 0.08 0.11 0.16 0.08 0.22 0.61 0.48 0.11 0.07 0.07 0.25 0.12 0.34 0.19 0.42 0.7 0.34 0.49 0.15 0.61 0.82 0.43 0.4 0.06 0.87 0.6 0.86 0.53 0.04 0.27 0.81 0.35 0.82 0.1 0.05 0.03 0.68 0.94 0.06 0.13 0.03 0.58 0.32 0.06 0.36 0.78 0.33 0.34 0.95 0.78 0.55 0.25 0.06 0.55 0.06 0.24 0.19 0.67 0.98 0.85 0.59 0.99 0.68 0.34
0.1 0.07 0.13 0.25 0.25 0.23 0.25 0.31 0.08 0.29 0.14 0.33 0.33 0.06 0.07 0.35 0.2 0.44 0.04 0.38 0.15 0.03 0.08 0.34 0.48 0.26 0.27 0.5 0.46 0.43 0.08 0.11 0.16 0.08 0.21 0.58 0.46 0.11 0.07 0.07 0.24 0.11 0.33 0.18 0.4 0.66 0.32 0.47 0.14 0.58 0.78 0.41 0.38 0.06 0.82 0.57 0.81 0.5 0.04 0.25 0.77 0.33 0.77 0.1 0.05 0.02 0.65 0.89 0.06 0.12 0.03 0.55 0.31 0.06 0.34 0.74 0.32 0.32 0.9 0.73 0.53 0.24 0.05 0.52 0.06 0.23 0.18 0.64 0.93 0.8 0.56 0.94 0.65 0.32
0.1 0.07 0.13 0.24 0.24 0.23 0.24 0.3 0.08 0.28 0.14 0.32 0.32 0.06 0.07 0.34 0.2 0.41 0.04 0.36 0.14 0.03 0.07 0.32 0.45 0.24 0.25 0.47 0.43 0.41 0.07 0.11 0.15 0.08 0.21 0.54 0.43 0.11 0.07 0.07 0.23 0.11 0.31 0.17 0.38 0.63 0.3 0.44 0.13 0.56 0.73 0.39 0.36 0.06 0.77 0.54 0.76 0.47 0.04 0.24 0.72 0.31 0.73 0.1 0.05 0.02 0.61 0.83 0.06 0.11 0.03 0.52 0.29 0.06 0.32 0.69 0.3 0.3 0.84 0.69 0.49 0.23 0.05 0.49 0.06 0.21 0.17 0.61 0.87 0.75 0.53 0.88 0.61 0.3
0.1 0.07 0.12 0.23 0.23 0.22 0.23 0.28 0.07 0.27 0.13 0.31 0.31 0.06 0.07 0.32 0.19 0.39 0.04 0.35 0.14 0.03 0.07 0.31 0.43 0.23 0.24 0.45 0.41 0.39 0.07 0.11 0.14 0.08 0.2 0.51 0.41 0.1 0.07 0.07 0.22 0.1 0.3 0.16 0.36 0.59 0.29 0.42 0.13 0.53 0.69 0.37 0.34 0.06 0.72 0.51 0.72 0.44 0.04 0.22 0.68 0.3 0.68 0.1 0.05 0.02 0.58 0.79 0.06 0.11 0.03 0.49 0.28 0.06 0.3 0.65 0.29 0.28 0.79 0.65 0.47 0.21 0.05 0.46 0.06 0.2 0.16 0.58 0.82 0.71 0.5 0.83 0.58 0.29
0.1 0.06 0.12 0.22 0.23 0.21 0.22 0.27 0.07 0.26 0.13 0.29 0.3 0.06 0.07 0.31 0.18 0.38 0.04 0.33 0.14 0.03 0.07 0.3 0.41 0.22 0.23 0.43 0.39 0.37 0.07 0.1 0.14 0.08 0.19 0.49 0.39 0.1 0.06 0.07 0.21 0.1 0.28 0.16 0.34 0.56 0.27 0.4 0.12 0.5 0.65 0.35 0.33 0.06 0.68 0.48 0.68 0.42 0.04 0.21 0.64 0.29 0.65 0.1 0.04 0.02 0.54 0.74 0.06 0.1 0.02 0.46 0.27 0.06 0.29 0.61 0.27 0.26 0.75 0.61 0.44 0.2 0.05 0.44 0.06 0.18 0.15 0.55 0.78 0.67 0.48 0.79 0.55 0.27
0.1 0.06 0.12 0.22 0.22 0.21 0.21 0.26 0.07 0.26 0.13 0.28 0.29 0.06 0.07 0.3 0.18 0.36 0.04 0.32 0.13 0.03 0.07 0.29 0.4 0.21 0.22 0.41 0.37 0.35 0.07 0.1 0.13 0.08 0.19 0.46 0.38 0.1 0.06 0.07 0.2 0.1 0.27 0.15 0.33 0.54 0.26 0.38 0.11 0.48 0.62 0.33 0.31 0.06 0.65 0.46 0.65 0.4 0.04 0.2 0.61 0.28 0.61 0.1 0.04 0.02 0.52 0.71 0.06 0.1 0.02 0.44 0.26 0.06 0.27 0.58 0.26 0.25 0.71 0.58 0.42 0.2 0.05 0.41 0.06 0.17 0.15 0.53 0.74 0.63 0.45 0.75 0.52 0.26
0.1 0.06 0.12 0.21 0.22 0.2 0.21 0.26 0.07 0.25 0.12 0.28 0.28 0.06 0.07 0.29 0.18 0.35 0.03 0.31 0.13 0.03 0.07 0.28 0.39 0.21 0.22 0.4 0.36 0.34 0.07 0.1 0.13 0.08 0.18 0.44 0.36 0.09 0.06 0.07 0.2 0.09 0.26 0.15 0.32 0.52 0.25 0.37 0.11 0.46 0.59 0.32 0.3 0.06 0.62 0.44 0.62 0.38 0.04 0.19 0.58 0.27 0.59 0.1 0.04 0.02 0.5 0.67 0.06 0.1 0.02 0.42 0.25 0.06 0.26 0.56 0.25 0.24 0.68 0.56 0.4 0.19 0.05 0.39 0.06 0.17 0.14 0.51 0.7 0.6 0.44 0.71 0.5 0.25
0.1 0.06 0.12 0.21 0.21 0.2 0.2 0.25 0.07 0.24 0.12 0.27 0.28 0.06 0.07 0.28 0.17 0.34 0.03 0.3 0.13 0.03 0.07 0.27 0.38 0.2 0.21 0.39 0.35 0.33 0.07 0.1 0.13 0.08 0.18 0.43 0.35 0.09 0.06 0.07 0.19 0.09 0.26 0.14 0.31 0.5 0.24 0.35 0.11 0.45 0.57 0.31 0.29 0.06 0.59 0.43 0.59 0.36 0.04 0.19 0.56 0.26 0.56 0.09 0.04 0.02 0.48 0.65 0.06 0.09 0.02 0.4 0.24 0.06 0.25 0.53 0.25 0.23 0.65 0.54 0.39 0.18 0.05 0.38 0.06 0.16 0.14 0.49 0.68 0.58 0.42 0.68 0.48 0.24
0.1 0.06 0.11 0.21 0.21 0.2 0.2 0.25 0.07 0.24 0.12 0.26 0.27 0.06 0.07 0.28 0.17 0.33 0.03 0.29 0.13 0.03 0.07 0.27 0.37 0.2 0.21 0.38 0.34 0.32 0.06 0.1 0.13 0.08 0.18 0.42 0.34 0.09 0.06 0.07 0.19 0.09 0.25 0.14 0.31 0.49 0.23 0.35 0.1 0.44 0.55 0.3 0.28 0.06 0.58 0.42 0.58 0.35 0.03 0.18 0.55 0.25 0.55 0.09 0.04 0.02 0.46 0.63 0.05 0.09 0.02 0.39 0.24 0.06 0.25 0.52 0.24 0.22 0.63 0.52 0.37 0.18 0.04 0.37 0.06 0.15 0.13 0.48 0.66 0.56 0.41 0.67 0.47 0.24
0.1 0.06 0.11 0.21 0.21 0.2 0.2 0.24 0.07 0.24 0.12 0.26 0.27 0.06 0.07 0.28 0.17 0.33 0.03 0.29 0.13 0.03 0.07 0.26 0.37 0.19 0.2 0.37 0.33 0.31 0.06 0.1 0.12 0.08 0.17 0.41 0.34 0.09 0.06 0.07 0.18 0.09 0.25 0.14 0.3 0.48 0.23 0.34 0.1 0.44 0.54 0.3 0.28 0.06 0.57 0.41 0.57 0.35 0.03 0.18 0.54 0.25 0.54 0.09 0.04 0.02 0.46 0.62 0.05 0.09 0.02 0.38 0.24 0.06 0.24 0.51 0.24 0.22 0.62 0.51 0.37 0.18 0.04 0.36 0.06 0.15 0.13 0.47 0.65 0.55 0.4 0.65 0.46 0.24
0.1 0.06 0.11 0.2 0.2 0.19 0.2 0.24 0.07 0.23 0.12 0.26 0.27 0.06 0.07 0.27 0.17 0.32 0.03 0.28 0.13 0.03 0.07 0.26 0.36 0.19 0.2 0.37 0.33 0.31 0.06 0.1 0.12 0.08 0.17 0.4 0.33 0.09 0.06 0.07 0.18 0.09 0.24 0.14 0.3 0.48 0.22 0.34 0.1 0.43 0.53 0.29 0.27 0.06 0.56 0.41 0.56 0.34 0.03 0.17 0.53 0.25 0.53 0.09 0.04 0.02 0.45 0.61 0.05 0.09 0.02 0.37 0.23 0.06 0.24 0.5 0.24 0.21 0.61 0.5 0.36 0.17 0.04 0.35 0.06 0.15 0.13 0.47 0.64 0.54 0.4 0.64 0.45 0.23
0.1 0.06 0.11 0.2 0.2 0.19 0.19 0.24 0.07 0.23 0.11 0.25 0.27 0.06 0.07 0.27 0.17 0.32 0.03 0.28 0.13 0.03 0.07 0.25 0.35 0.19 0.2 0.36 0.32 0.3 0.06 0.09 0.12 0.08 0.17 0.39 0.33 0.09 0.06 0.07 0.18 0.09 0.24 0.14 0.29 0.47 0.22 0.33 0.1 0.42 0.52 0.28 0.27 0.06 0.54 0.4 0.55 0.33 0.03 0.17 0.52 0.24 0.52 0.1 0.04 0.02 0.44 0.59 0.05 0.08 0.02 0.36 0.23 0.06 0.23 0.49 0.23 0.21 0.59 0.49 0.35 0.17 0.04 0.34 0.06 0.14 0.12 0.46 0.62 0.52 0.39 0.63 0.44 0.23
0.1 0.06 0.11 0.2 0.2 0.19 0.19 0.23 0.07 0.23 0.11 0.25 0.26 0.06 0.07 0.26 0.17 0.31 0.03 0.27 0.13 0.03 0.07 0.25 0.35 0.18 0.19 0.35 0.31 0.3 0.06 0.09 0.12 0.08 0.17 0.38 0.32 0.09 0.05 0.07 0.17 0.08 0.24 0.13 0.29 0.46 0.21 0.32 0.09 0.41 0.51 0.28 0.26 0.05 0.53 0.39 0.53 0.32 0.03 0.16 0.5 0.24 0.5 0.09 0.04 0.02 0.42 0.58 0.05 0.08 0.02 0.35 0.23 0.06 0.23 0.47 0.23 0.2 0.58 0.47 0.34 0.17 0.04 0.33 0.06 0.14 0.12 0.45 0.6 0.51 0.38 0.61 0.42 0.22
0.1 0.06 0.11 0.2 0.2 0.19 0.19 0.23 0.07 0.22 0.11 0.24 0.26 0.06 0.07 0.26 0.16 0.3 0.03 0.27 0.13 0.03 0.07 0.25 0.34 0.18 0.19 0.34 0.31 0.29 0.06 0.09 0.12 0.08 0.17 0.37 0.31 0.09 0.05 0.07 0.17 0.08 0.23 0.13 0.28 0.45 0.21 0.31 0.09 0.4 0.49 0.27 0.26 0.05 0.51 0.38 0.52 0.31 0.03 0.16 0.49 0.23 0.49 0.09 0.04 0.02 0.41 0.56 0.05 0.08 0.02 0.34 0.22 0.06 0.22 0.46 0.22 0.19 0.56 0.46 0.33 0.16 0.04 0.32 0.06 0.13 0.12 0.44 0.59 0.49 0.37 0.59 0.41 0.22
0.1 0.06 0.11 0.19 0.19 0.18 0.18 0.22 0.07 0.22 0.11 0.24 0.26 0.06 0.07 0.25 0.16 0.3 0.03 0.26 0.12 0.03 0.07 0.24 0.33 0.17 0.18 0.33 0.3 0.28 0.06 0.09 0.11 0.07 0.16 0.36 0.3 0.09 0.05 0.07 0.17 0.08 0.22 0.13 0.27 0.43 0.2 0.3 0.09 0.39 0.47 0.26 0.25 0.05 0.49 0.37 0.5 0.3 0.03 0.15 0.47 0.22 0.47 0.09 0.04 0.02 0.4 0.54 0.05 0.08 0.02 0.33 0.22 0.06 0.21 0.44 0.22 0.19 0.53 0.44 0.32 0.16 0.04 0.31 0.06 0.13 0.11 0.42 0.56 0.47 0.35 0.56 0.39 0.21
0.1 0.06 0.11 0.19 0.19 0.18 0.18 0.22 0.07 0.21 0.11 0.23 0.25 0.06 0.07 0.24 0.16 0.29 0.03 0.25 0.12 0.03 0.07 0.23 0.32 0.17 0.18 0.32 0.29 0.27 0.06 0.09 0.11 0.07 0.16 0.35 0.29 0.08 0.05 0.06 0.16 0.08 0.22 0.12 0.27 0.42 0.19 0.29 0.09 0.37 0.45 0.25 0.24 0.05 0.47 0.35 0.48 0.29 0.03 0.15 0.45 0.22 0.45 0.09 0.04 0.02 0.38 0.51 0.05 0.08 0.02 0.31 0.21 0.06 0.2 0.42 0.21 0.18 0.51 0.42 0.3 0.15 0.04 0.29 0.06 0.12 0.11 0.4 0.54 0.45 0.34 0.54 0.38 0.2
0.1 0.06 0.11 0.19 0.19 0.18 0.18 0.21 0.06 0.21 0.1 0.23 0.25 0.06 0.07 0.24 0.15 0.28 0.03 0.24 0.12 0.02 0.07 0.23 0.31 0.16 0.17 0.31 0.28 0.26 0.06 0.09 0.11 0.07 0.16 0.33 0.28 0.08 0.05 0.06 0.16 0.08 0.21 0.12 0.26 0.4 0.19 0.28 0.08 0.36 0.44 0.24 0.23 0.05 0.45 0.34 0.46 0.28 0.03 0.14 0.43 0.21 0.43 0.09 0.04 0.02 0.36 0.49 0.05 0.07 0.02 0.3 0.2 0.06 0.2 0.4 0.2 0.17 0.49 0.4 0.29 0.15 0.04 0.28 0.06 0.12 0.11 0.39 0.51 0.43 0.33 0.51 0.36 0.2
0.1 0.06 0.11 0.18 0.18 0.18 0.17 0.21 0.06 0.21 0.1 0.22 0.24 0.06 0.07 0.23 0.15 0.27 0.03 0.24 0.12 0.02 0.07 0.22 0.31 0.16 0.17 0.31 0.27 0.25 0.06 0.09 0.11 0.07 0.15 0.32 0.27 0.08 0.05 0.06 0.15 0.08 0.21 0.12 0.25 0.39 0.18 0.27 0.08 0.35 0.42 0.23 0.22 0.05 0.44 0.33 0.44 0.27 0.03 0.14 0.41 0.21 0.42 0.09 0.04 0.02 0.35 0.47 0.05 0.07 0.02 0.29 0.2 0.06 0.19 0.39 0.2 0.17 0.47 0.38 0.28 0.14 0.04 0.27 0.06 0.11 0.1 0.37 0.49 0.41 0.31 0.49 0.35 0.19
0.11 0.06 0.1 0.18 0.18 0.17 0.17 0.2 0.06 0.2 0.1 0.22 0.24 0.06 0.07 0.22 0.15 0.26 0.03 0.23 0.12 0.02 0.07 0.22 0.3 0.15 0.16 0.3 0.26 0.24 0.06 0.09 0.11 0.07 0.15 0.31 0.26 0.08 0.05 0.06 0.15 0.07 0.2 0.12 0.24 0.38 0.17 0.26 0.08 0.34 0.41 0.23 0.22 0.05 0.42 0.32 0.42 0.26 0.03 0.13 0.4 0.2 0.4 0.09 0.04 0.02 0.33 0.45 0.05 0.07 0.02 0.28 0.19 0.06 0.18 0.37 0.19 0.16 0.45 0.37 0.27 0.14 0.04 0.26 0.06 0.11 0.1 0.36 0.47 0.39 0.3 0.47 0.33 0.19
0.11 0.06 0.1 0.18 0.18 0.17 0.17 0.2 0.06 0.2 0.1 0.21 0.23 0.06 0.06 0.22 0.15 0.26 0.03 0.22 0.12 0.02 0.07 0.21 0.29 0.15 0.16 0.29 0.25 0.23 0.06 0.09 0.1 0.07 0.15 0.3 0.25 0.08 0.05 0.06 0.14 0.07 0.19 0.11 0.24 0.36 0.17 0.25 0.08 0.32 0.39 0.22 0.21 0.05 0.4 0.3 0.41 0.24 0.03 0.13 0.38 0.19 0.38 0.09 0.04 0.02 0.32 0.43 0.05 0.07 0.02 0.27 0.19 0.06 0.18 0.35 0.18 0.15 0.43 0.35 0.25 0.13 0.04 0.25 0.06 0.1 0.1 0.34 0.45 0.37 0.29 0.45 0.32 0.18
0.11 0.06 0.1 0.17 0.17 0.17 0.16 0.2 0.06 0.19 0.1 0.21 0.23 0.06 0.06 0.21 0.14 0.25 0.03 0.22 0.12 0.02 0.07 0.21 0.28 0.15 0.16 0.28 0.24 0.23 0.06 0.09 0.1 0.07 0.15 0.29 0.24 0.08 0.05 0.06 0.14 0.07 0.19 0.11 0.23 0.35 0.16 0.25 0.08 0.31 0.37 0.21 0.2 0.05 0.39 0.29 0.39 0.24 0.03 0.12 0.36 0.19 0.37 0.09 0.04 0.02 0.31 0.42 0.05 0.07 0.02 0.26 0.18 0.06 0.17 0.34 0.18 0.15 0.41 0.34 0.24 0.13 0.04 0.24 0.06 0.1 0.09 0.33 0.43 0.36 0.28 0.43 0.3 0.17
0.11 0.05 0.1 0.17 0.17 0.17 0.16 0.19 0.06 0.19 0.1 0.21 0.23 0.06 0.06 0.21 0.14 0.24 0.03 0.21 0.11 0.02 0.06 0.2 0.28 0.14 0.15 0.27 0.23 0.22 0.05 0.09 0.1 0.07 0.14 0.28 0.24 0.08 0.05 0.06 0.14 0.07 0.18 0.11 0.23 0.34 0.16 0.24 0.07 0.3 0.36 0.2 0.2 0.05 0.37 0.28 0.38 0.23 0.03 0.12 0.35 0.18 0.36 0.09 0.04 0.02 0.29 0.4 0.05 0.06 0.02 0.25 0.18 0.06 0.16 0.32 0.17 0.14 0.39 0.32 0.23 0.12 0.04 0.23 0.06 0.1 0.09 0.32 0.41 0.34 0.27 0.41 0.29 0.17
0.11 0.05 0.1 0.17 0.17 0.16 0.16 0.19 0.06 0.19 0.09 0.2 0.22 0.06 0.06 0.21 0.14 0.24 0.03 0.21 0.11 0.02 0.06 0.2 0.27 0.14 0.15 0.27 0.23 0.22 0.05 0.08 0.1 0.07 0.14 0.27 0.23 0.08 0.05 0.06 0.13 0.07 0.18 0.11 0.22 0.33 0.15 0.23 0.07 0.29 0.35 0.2 0.19 0.05 0.36 0.28 0.36 0.22 0.03 0.11 0.34 0.18 0.34 0.09 0.04 0.02 0.28 0.39 0.05 0.06 0.02 0.24 0.17 0.06 0.16 0.31 0.17 0.13 0.38 0.31 0.23 0.12 0.03 0.22 0.06 0.09 0.09 0.31 0.4 0.33 0.26 0.39 0.28 0.17
0.11 0.05 0.1 0.17 0.17 0.16 0.16 0.19 0.06 0.19 0.09 0.2 0.22 0.06 0.06 0.2 0.14 0.23 0.03 0.2 0.11 0.02 0.06 0.19 0.27 0.14 0.15 0.26 0.22 0.21 0.05 0.08 0.1 0.07 0.14 0.26 0.22 0.08 0.05 0.06 0.13 0.07 0.18 0.1 0.22 0.32 0.15 0.23 0.07 0.28 0.34 0.19 0.19 0.05 0.35 0.27 0.35 0.21 0.03 0.11 0.33 0.17 0.33 0.09 0.04 0.01 0.27 0.37 0.05 0.06 0.02 0.23 0.17 0.06 0.15 0.3 0.16 0.13 0.36 0.3 0.22 0.12 0.03 0.21 0.06 0.09 0.09 0.3 0.38 0.32 0.25 0.38 0.27 0.16
0.11 0.05 0.1 0.17 0.17 0.16 0.15 0.18 0.06 0.18 0.09 0.2 0.22 0.06 0.06 0.2 0.14 0.23 0.03 0.2 0.11 0.02 0.06 0.19 0.26 0.13 0.14 0.26 0.22 0.2 0.05 0.08 0.1 0.07 0.14 0.26 0.22 0.08 0.05 0.06 0.13 0.07 0.17 0.1 0.21 0.32 0.15 0.22 0.07 0.28 0.33 0.19 0.18 0.05 0.34 0.26 0.34 0.21 0.03 0.11 0.32 0.17 0.32 0.09 0.04 0.01 0.27 0.36 0.05 0.06 0.02 0.22 0.17 0.06 0.15 0.29 0.16 0.13 0.35 0.29 0.21 0.11 0.03 0.21 0.06 0.09 0.09 0.29 0.37 0.3 0.24 0.37 0.26 0.16
