0.06 0.06 0.06 0.06 0.06 0.06 0.06 0.06 0.06 0.06 0.07 0.06 0.07 0.07 0.07 0.06 0.06 0.06 0.06 0.06 0.06 0.06 0.06 0.07 0.06 0.06 0.07 0.07 0.06 0.07 0.06 0.06 0.06 0.06 0.06 0.07 0.07 0.07 0.06 0.06 0.07 0.07 0.06 0.06 0.07 0.06 0.06 0.07 0.07 0.07 0.07 0.06 0.06 0.06 0.06 0.07 0.07 0.07 0.06 0.07 0.06 0.07 0.07 0.07 0.07 0.06 0.07 0.07 0.07 0.06 0.07 0.06 0.06 0.07 0.06 0.06 0.07 0.07 0.07 0.07 0.06 0.07 0.06 0.07 0.07 0.06 0.06 0.06 0.06 0.06 0.07 0.07 0.07 0.06 0.07 0.07 0.06 0.06 0.07 0.07
0.06 0.06 0.06 0.06 0.06 0.06 0.06 0.06 0.06 0.06 0.07 0.06 0.07 0.07 0.07 0.06 0.06 0.06 0.06 0.06 0.06 0.06 0.06 0.07 0.06 0.06 0.07 0.07 0.06 0.07 0.06 0.06 0.06 0.06 0.06 0.07 0.07 0.07 0.06 0.06 0.07 0.07 0.06 0.06 0.07 0.06 0.06 0.07 0.07 0.07 0.07 0.06 0.06 0.06 0.06 0.07 0.07 0.07 0.06 0.07 0.06 0.07 0.07 0.07 0.07 0.06 0.07 0.07 0.07 0.06 0.07 0.06 0.06 0.07 0.06 0.06 0.07 0.07 0.07 0.07 0.06 0.07 0.06 0.07 0.07 0.06 0.06 0.06 0.06 0.06 0.07 0.07 0.07 0.06 0.07 0.07 0.06 0.06 0.07 0.07
0.06 0.06 0.06 0.06 0.06 0.06 0.06 0.06 0.06 0.06 0.07 0.06 0.07 0.07 0.07 0.06 0.06 0.06 0.06 0.06 0.06 0.06 0.06 0.07 0.06 0.06 0.07 0.07 0.06 0.07 0.06 0.06 0.06 0.06 0.06 0.07 0.07 0.07 0.06 0.06 0.07 0.07 0.06 0.06 0.07 0.06 0.06 0.07 0.07 0.07 0.07 0.06 0.06 0.06 0.06 0.07 0.07 0.07 0.06 0.07 0.06 0.07 0.07 0.07 0.07 0.06 0.07 0.07 0.07 0.06 0.07 0.06 0.06 0.07 0.06 0.06 0.07 0.07 0.07 0.07 0.06 0.07 0.06 0.07 0.07 0.06 0.06 0.06 0.06 0.06 0.07 0.07 0.07 0.06 0.07 0.07 0.06 0.06 0.07 0.07
0.06 0.06 0.06 0.06 0.06 0.06 0.06 0.06 0.06 0.06 0.07 0.06 0.07 0.07 0.07 0.06 0.06 0.06 0.06 0.06 0.06 0.06 0.06 0.07 0.06 0.06 0.07 0.07 0.06 0.07 0.06 0.06 0.06 0.06 0.06 0.07 0.07 0.07 0.06 0.06 0.07 0.07 0.06 0.06 0.07 0.06 0.06 0.07 0.07 0.07 0.07 0.06 0.06 0.06 0.06 0.07 0.07 0.07 0.06 0.07 0.06 0.07 0.07 0.07 0.07 0.06 0.07 0.07 0.07 0.06 0.07 0.06 0.06 0.07 0.06 0.06 0.07 0.07 0.07 0.07 0.06 0.07 0.06 0.07 0.07 0.06 0.06 0.06 0.06 0.06 0.07 0.07 0.07 0.06 0.07 0.07 0.06 0.06 0.07 0.07
0.06 0.06 0.06 0.06 0.06 0.06 0.06 0.06 0.06 0.06 0.07 0.06 0.07 0.07 0.07 0.06 0.06 0.06 0.06 0.06 0.06 0.06 0.06 0.07 0.06 0.06 0.07 0.07 0.06 0.07 0.06 0.06 0.06 0.06 0.06 0.07 0.07 0.07 0.06 0.06 0.07 0.07 0.06 0.06 0.07 0.06 0.06 0.07 0.07 0.07 0.07 0.06 0.06 0.06 0.06 0.07 0.07 0.07 0.06 0.07 0.06 0.07 0.07 0.07 0.07 0.06 0.07 0.07 0.07 0.06 0.07 0.06 0.06 0.07 0.06 0.06 0.07 0.07 0.07 0.07 0.06 0.07 0.06 0.07 0.07 0.06 0.06 0.06 0.06 0.06 0.07 0.07 0.07 0.06 0.07 0.07 0.06 0.06 0.07 0.07
0.06 0.06 0.06 0.06 0.06 0.06 0.07 0.06 0.06 0.06 0.07 0.06 0.07 0.07 0.07 0.06 0.06 0.06 0.06 0.06 0.06 0.06 0.06 0.07 0.06 0.06 0.07 0.07 0.06 0.07 0.06 0.06 0.06 0.06 0.06 0.07 0.07 0.07 0.06 0.06 0.08 0.07 0.06 0.06 0.07 0.06 0.06 0.07 0.07 0.07 0.07 0.06 0.06 0.06 0.06 0.07 0.07 0.07 0.06 0.07 0.06 0.07 0.07 0.07 0.07 0.06 0.07 0.07 0.08 0.06 0.07 0.06 0.06 0.07 0.06 0.06 0.07 0.07 0.07 0.07 0.06 0.07 0.06 0.07 0.07 0.06 0.06 0.06 0.06 0.06 0.07 0.07 0.07 0.06 0.07 0.07 0.06 0.06 0.07 0.07
0.06 0.06 0.06 0.06 0.06 0.06 0.07 0.06 0.06 0.06 0.07 0.06 0.07 0.07 0.07 0.06 0.06 0.06 0.06 0.07 0.06 0.06 0.06 0.07 0.06 0.06 0.07 0.07 0.06 0.07 0.06 0.06 0.06 0.06 0.06 0.07 0.07 0.07 0.06 0.06 0.08 0.07 0.06 0.06 0.07 0.06 0.06 0.07 0.07 0.07 0.07 0.06 0.06 0.06 0.06 0.07 0.07 0.07 0.06 0.07 0.06 0.07 0.07 0.07 0.07 0.06 0.07 0.07 0.08 0.06 0.07 0.06 0.06 0.07 0.06 0.06 0.07 0.07 0.07 0.07 0.06 0.07 0.06 0.07 0.07 0.06 0.06 0.06 0.06 0.06 0.07 0.07 0.07 0.06 0.07 0.07 0.06 0.07 0.07 0.07
0.06 0.06 0.06 0.06 0.06 0.06 0.07 0.06 0.06 0.06 0.07 0.06 0.07 0.07 0.07 0.06 0.06 0.06 0.06 0.07 0.06 0.06 0.06 0.07 0.06 0.06 0.07 0.07 0.06 0.07 0.06 0.06 0.06 0.06 0.06 0.07 0.07 0.07 0.06 0.06 0.08 0.07 0.06 0.06 0.07 0.06 0.06 0.07 0.07 0.07 0.07 0.06 0.06 0.06 0.06 0.07 0.07 0.07 0.06 0.07 0.06 0.07 0.07 0.07 0.07 0.06 0.07 0.07 0.08 0.06 0.07 0.06 0.06 0.07 0.06 0.06 0.07 0.07 0.07 0.07 0.06 0.07 0.06 0.07 0.07 0.06 0.06 0.06 0.06 0.07 0.07 0.07 0.07 0.06 0.07 0.07 0.06 0.07 0.07 0.07
0.06 0.06 0.06 0.06 0.06 0.06 0.07 0.06 0.06 0.06 0.07 0.06 0.07 0.07 0.07 0.06 0.06 0.06 0.06 0.07 0.06 0.06 0.06 0.07 0.06 0.06 0.07 0.07 0.06 0.07 0.06 0.06 0.06 0.06 0.06 0.07 0.07 0.07 0.06 0.06 0.08 0.07 0.06 0.06 0.07 0.06 0.06 0.07 0.07 0.07 0.07 0.06 0.06 0.06 0.06 0.07 0.07 0.07 0.06 0.07 0.06 0.07 0.07 0.07 0.07 0.06 0.07 0.07 0.08 0.06 0.07 0.06 0.06 0.07 0.06 0.06 0.07 0.07 0.07 0.07 0.06 0.07 0.06 0.07 0.07 0.06 0.06 0.06 0.06 0.07 0.07 0.07 0.07 0.06 0.07 0.07 0.06 0.07 0.07 0.07
0.06 0.06 0.06 0.06 0.06 0.06 0.07 0.06 0.06 0.06 0.07 0.06 0.07 0.07 0.07 0.06 0.06 0.06 0.06 0.07 0.06 0.06 0.06 0.07 0.06 0.06 0.07 0.07 0.06 0.07 0.06 0.06 0.06 0.06 0.06 0.07 0.07 0.07 0.06 0.06 0.08 0.07 0.06 0.06 0.07 0.06 0.06 0.07 0.07 0.07 0.07 0.06 0.06 0.06 0.06 0.07 0.07 0.07 0.06 0.07 0.06 0.07 0.07 0.07 0.07 0.06 0.07 0.07 0.08 0.06 0.07 0.06 0.06 0.07 0.06 0.06 0.07 0.07 0.07 0.07 0.06 0.07 0.06 0.07 0.07 0.06 0.06 0.06 0.06 0.07 0.07 0.07 0.07 0.06 0.07 0.07 0.06 0.07 0.07 0.07
0.06 0.06 0.06 0.06 0.06 0.06 0.07 0.06 0.06 0.06 0.07 0.06 0.07 0.07 0.07 0.06 0.06 0.06 0.06 0.07 0.06 0.06 0.06 0.07 0.06 0.06 0.07 0.07 0.06 0.07 0.06 0.06 0.06 0.06 0.06 0.07 0.07 0.07 0.06 0.06 0.08 0.07 0.06 0.06 0.07 0.06 0.06 0.07 0.07 0.07 0.07 0.06 0.06 0.06 0.06 0.07 0.07 0.07 0.06 0.07 0.07 0.07 0.07 0.07 0.07 0.06 0.07 0.07 0.08 0.06 0.07 0.06 0.06 0.07 0.06 0.06 0.07 0.07 0.07 0.07 0.06 0.07 0.06 0.07 0.07 0.06 0.06 0.06 0.06 0.07 0.07 0.07 0.07 0.06 0.07 0.07 0.06 0.07 0.07 0.07
0.06 0.06 0.06 0.06 0.06 0.06 0.07 0.06 0.06 0.06 0.07 0.06 0.07 0.07 0.07 0.06 0.06 0.06 0.06 0.07 0.06 0.06 0.06 0.07 0.06 0.06 0.07 0.07 0.06 0.07 0.06 0.06 0.06 0.06 0.06 0.07 0.07 0.07 0.06 0.06 0.08 0.07 0.06 0.06 0.07 0.06 0.06 0.07 0.07 0.07 0.07 0.06 0.06 0.06 0.06 0.07 0.07 0.07 0.06 0.07 0.07 0.07 0.07 0.07 0.07 0.06 0.07 0.07 0.08 0.06 0.07 0.06 0.06 0.07 0.06 0.06 0.07 0.07 0.07 0.07 0.06 0.07 0.06 0.07 0.07 0.06 0.06 0.06 0.06 0.07 0.07 0.07 0.07 0.06 0.07 0.07 0.06 0.07 0.07 0.07
0.06 0.06 0.06 0.06 0.06 0.06 0.07 0.06 0.06 0.06 0.07 0.06 0.07 0.07 0.07 0.06 0.06 0.06 0.06 0.07 0.06 0.06 0.06 0.07 0.06 0.06 0.07 0.07 0.06 0.07 0.06 0.06 0.06 0.06 0.06 0.07 0.07 0.07 0.06 0.06 0.08 0.07 0.06 0.07 0.07 0.06 0.06 0.07 0.07 0.07 0.07 0.06 0.06 0.06 0.06 0.07 0.07 0.07 0.06 0.07 0.07 0.07 0.07 0.07 0.07 0.06 0.07 0.07 0.08 0.06 0.07 0.06 0.06 0.07 0.06 0.06 0.07 0.07 0.07 0.07 0.06 0.07 0.06 0.07 0.07 0.06 0.06 0.06 0.06 0.07 0.07 0.07 0.07 0.06 0.07 0.07 0.06 0.07 0.07 0.07
0.06 0.06 0.06 0.06 0.06 0.06 0.07 0.06 0.06 0.06 0.07 0.06 0.07 0.07 0.07 0.06 0.06 0.06 0.06 0.07 0.06 0.06 0.06 0.07 0.06 0.06 0.07 0.07 0.06 0.07 0.06 0.06 0.06 0.06 0.06 0.07 0.07 0.07 0.06 0.06 0.08 0.07 0.06 0.07 0.07 0.06 0.06 0.07 0.07 0.07 0.07 0.06 0.06 0.06 0.06 0.07 0.07 0.07 0.06 0.07 0.07 0.07 0.07 0.07 0.07 0.06 0.07 0.07 0.08 0.06 0.07 0.06 0.06 0.07 0.06 0.06 0.07 0.07 0.07 0.07 0.06 0.07 0.06 0.07 0.07 0.06 0.06 0.06 0.06 0.07 0.07 0.07 0.08 0.06 0.07 0.07 0.06 0.07 0.07 0.07
0.06 0.06 0.06 0.06 0.06 0.06 0.07 0.06 0.06 0.06 0.07 0.06 0.07 0.07 0.07 0.06 0.06 0.06 0.06 0.07 0.06 0.06 0.07 0.07 0.06 0.06 0.07 0.07 0.06 0.07 0.06 0.06 0.06 0.06 0.06 0.07 0.07 0.07 0.06 0.07 0.08 0.07 0.06 0.07 0.07 0.07 0.06 0.07 0.07 0.07 0.07 0.06 0.06 0.06 0.06 0.07 0.07 0.07 0.06 0.07 0.07 0.07 0.07 0.07 0.07 0.06 0.07 0.07 0.08 0.06 0.07 0.06 0.06 0.07 0.06 0.06 0.07 0.07 0.07 0.07 0.06 0.07 0.06 0.07 0.07 0.06 0.06 0.06 0.07 0.07 0.07 0.07 0.08 0.06 0.07 0.07 0.06 0.07 0.07 0.07
0.06 0.06 0.06 0.06 0.06 0.06 0.07 0.06 0.06 0.06 0.07 0.06 0.07 0.07 0.07 0.06 0.06 0.06 0.06 0.07 0.06 0.06 0.07 0.07 0.06 0.06 0.07 0.07 0.06 0.07 0.06 0.06 0.06 0.06 0.06 0.07 0.07 0.07 0.06 0.07 0.08 0.07 0.06 0.07 0.07 0.07 0.06 0.07 0.07 0.07 0.07 0.06 0.06 0.06 0.06 0.07 0.07 0.07 0.06 0.08 0.07 0.07 0.07 0.07 0.07 0.06 0.07 0.07 0.08 0.06 0.07 0.06 0.06 0.07 0.06 0.06 0.07 0.07 0.07 0.07 0.06 0.07 0.06 0.07 0.07 0.06 0.06 0.06 0.07 0.07 0.07 0.07 0.08 0.06 0.07 0.07 0.06 0.07 0.07 0.07
0.06 0.06 0.06 0.06 0.06 0.06 0.07 0.06 0.06 0.06 0.07 0.06 0.07 0.07 0.07 0.06 0.06 0.06 0.06 0.07 0.06 0.06 0.07 0.07 0.06 0.06 0.07 0.07 0.06 0.07 0.06 0.06 0.06 0.06 0.06 0.07 0.07 0.07 0.06 0.07 0.08 0.07 0.06 0.07 0.07 0.07 0.06 0.07 0.07 0.07 0.07 0.06 0.06 0.06 0.06 0.07 0.07 0.07 0.06 0.07 0.07 0.07 0.07 0.07 0.07 0.06 0.07 0.07 0.08 0.06 0.07 0.06 0.06 0.07 0.06 0.06 0.07 0.07 0.07 0.07 0.06 0.07 0.06 0.07 0.07 0.06 0.06 0.06 0.06 0.07 0.07 0.07 0.08 0.06 0.07 0.07 0.06 0.07 0.07 0.07
0.06 0.06 0.06 0.06 0.06 0.06 0.07 0.06 0.06 0.06 0.07 0.06 0.07 0.07 0.07 0.06 0.06 0.06 0.06 0.07 0.06 0.06 0.07 0.07 0.06 0.06 0.07 0.07 0.06 0.07 0.06 0.06 0.06 0.06 0.06 0.07 0.07 0.07 0.06 0.07 0.08 0.07 0.06 0.07 0.07 0.07 0.06 0.07 0.07 0.07 0.07 0.06 0.06 0.06 0.06 0.07 0.07 0.07 0.06 0.07 0.07 0.07 0.07 0.07 0.07 0.06 0.07 0.07 0.08 0.06 0.07 0.06 0.06 0.07 0.06 0.06 0.07 0.07 0.07 0.07 0.06 0.07 0.06 0.07 0.07 0.06 0.06 0.06 0.06 0.07 0.07 0.07 0.08 0.06 0.07 0.07 0.06 0.07 0.07 0.07
0.06 0.06 0.06 0.06 0.06 0.06 0.07 0.06 0.06 0.06 0.07 0.06 0.07 0.07 0.07 0.06 0.06 0.06 0.06 0.07 0.06 0.06 0.07 0.07 0.06 0.06 0.07 0.07 0.06 0.07 0.06 0.06 0.06 0.06 0.06 0.07 0.07 0.07 0.06 0.07 0.08 0.07 0.06 0.07 0.07 0.07 0.06 0.07 0.07 0.07 0.07 0.06 0.06 0.06 0.06 0.07 0.07 0.07 0.06 0.08 0.07 0.07 0.07 0.07 0.07 0.06 0.07 0.07 0.08 0.06 0.07 0.06 0.06 0.07 0.06 0.06 0.07 0.07 0.07 0.07 0.06 0.07 0.06 0.07 0.07 0.06 0.06 0.06 0.07 0.07 0.07 0.07 0.08 0.06 0.07 0.07 0.06 0.07 0.07 0.07
0.06 0.06 0.06 0.06 0.06 0.06 0.07 0.06 0.06 0.06 0.07 0.06 0.07 0.07 0.07 0.06 0.06 0.06 0.06 0.07 0.06 0.06 0.07 0.07 0.06 0.06 0.07 0.07 0.06 0.07 0.06 0.06 0.06 0.06 0.06 0.07 0.07 0.07 0.06 0.07 0.08 0.07 0.06 0.07 0.07 0.07 0.06 0.07 0.07 0.07 0.07 0.06 0.06 0.06 0.06 0.07 0.07 0.07 0.06 0.08 0.07 0.07 0.07 0.07 0.07 0.06 0.07 0.07 0.08 0.06 0.07 0.06 0.06 0.07 0.06 0.06 0.07 0.07 0.07 0.07 0.06 0.07 0.06 0.07 0.07 0.06 0.06 0.06 0.07 0.07 0.07 0.07 0.08 0.06 0.07 0.07 0.06 0.07 0.07 0.07
0.06 0.06 0.06 0.06 0.06 0.06 0.07 0.06 0.06 0.06 0.07 0.06 0.07 0.07 0.07 0.06 0.06 0.06 0.06 0.07 0.06 0.06 0.07 0.07 0.06 0.06 0.07 0.07 0.06 0.07 0.06 0.06 0.06 0.06 0.06 0.07 0.07 0.07 0.06 0.07 0.08 0.07 0.06 0.07 0.07 0.07 0.07 0.07 0.07 0.08 0.07 0.06 0.06 0.06 0.06 0.07 0.07 0.07 0.06 0.08 0.07 0.07 0.07 0.07 0.07 0.06 0.07 0.07 0.08 0.06 0.07 0.06 0.06 0.07 0.07 0.06 0.07 0.07 0.07 0.07 0.06 0.07 0.06 0.07 0.07 0.06 0.06 0.06 0.07 0.07 0.07 0.07 0.08 0.06 0.07 0.07 0.06 0.07 0.07 0.07
0.06 0.06 0.06 0.06 0.06 0.06 0.07 0.06 0.06 0.06 0.07 0.06 0.07 0.07 0.07 0.06 0.06 0.06 0.07 0.07 0.06 0.06 0.07 0.07 0.06 0.06 0.07 0.07 0.06 0.07 0.06 0.06 0.06 0.06 0.06 0.07 0.07 0.07 0.06 0.07 0.08 0.07 0.06 0.07 0.07 0.07 0.07 0.07 0.07 0.08 0.07 0.06 0.06 0.07 0.06 0.07 0.07 0.08 0.06 0.08 0.07 0.07 0.07 0.07 0.07 0.07 0.07 0.07 0.08 0.06 0.07 0.06 0.06 0.07 0.07 0.06 0.07 0.07 0.07 0.07 0.06 0.07 0.06 0.07 0.07 0.06 0.06 0.06 0.07 0.07 0.07 0.07 0.08 0.06 0.07 0.07 0.06 0.07 0.07 0.08
0.06 0.06 0.06 0.06 0.06 0.06 0.07 0.06 0.06 0.06 0.07 0.06 0.07 0.07 0.07 0.06 0.06 0.06 0.07 0.07 0.06 0.06 0.07 0.07 0.06 0.06 0.07 0.07 0.06 0.07 0.06 0.06 0.06 0.06 0.06 0.07 0.07 0.07 0.06 0.07 0.08 0.07 0.06 0.07 0.07 0.07 0.07 0.07 0.07 0.08 0.07 0.06 0.06 0.07 0.06 0.07 0.07 0.08 0.06 0.08 0.07 0.07 0.07 0.07 0.07 0.07 0.07 0.07 0.08 0.07 0.07 0.06 0.06 0.07 0.07 0.06 0.07 0.07 0.07 0.07 0.07 0.07 0.07 0.08 0.07 0.07 0.06 0.06 0.07 0.07 0.07 0.07 0.08 0.06 0.07 0.07 0.06 0.07 0.08 0.08
0.06 0.06 0.06 0.06 0.06 0.06 0.07 0.06 0.06 0.06 0.07 0.06 0.07 0.07 0.07 0.06 0.06 0.06 0.07 0.07 0.06 0.06 0.07 0.07 0.06 0.07 0.07 0.07 0.06 0.07 0.06 0.06 0.07 0.06 0.06 0.07 0.07 0.07 0.06 0.07 0.08 0.07 0.06 0.07 0.07 0.07 0.07 0.07 0.08 0.08 0.08 0.07 0.07 0.07 0.06 0.08 0.07 0.08 0.06 0.08 0.07 0.08 0.07 0.07 0.07 0.07 0.07 0.07 0.08 0.07 0.07 0.06 0.06 0.08 0.07 0.07 0.07 0.08 0.07 0.07 0.07 0.07 0.07 0.08 0.07 0.07 0.06 0.07 0.07 0.07 0.07 0.07 0.08 0.07 0.07 0.07 0.07 0.07 0.08 0.08
0.06 0.06 0.06 0.06 0.06 0.06 0.07 0.06 0.06 0.06 0.07 0.07 0.07 0.07 0.07 0.06 0.06 0.06 0.07 0.07 0.06 0.07 0.07 0.07 0.06 0.07 0.07 0.07 0.07 0.08 0.06 0.06 0.07 0.06 0.06 0.08 0.08 0.07 0.07 0.07 0.08 0.07 0.07 0.07 0.08 0.07 0.07 0.08 0.08 0.08 0.08 0.07 0.07 0.07 0.07 0.08 0.08 0.08 0.07 0.08 0.07 0.08 0.08 0.08 0.08 0.07 0.08 0.08 0.09 0.07 0.08 0.07 0.07 0.08 0.07 0.07 0.08 0.08 0.08 0.08 0.07 0.08 0.07 0.08 0.08 0.07 0.07 0.07 0.08 0.08 0.08 0.08 0.09 0.07 0.08 0.08 0.07 0.08 0.09 0.09
0.06 0.07 0.06 0.06 0.06 0.07 0.07 0.07 0.07 0.07 0.08 0.07 0.08 0.08 0.08 0.07 0.07 0.07 0.07 0.08 0.07 0.07 0.08 0.08 0.07 0.08 0.08 0.08 0.08 0.09 0.07 0.07 0.08 0.07 0.07 0.09 0.09 0.08 0.08 0.08 0.1 0.08 0.08 0.08 0.09 0.08 0.08 0.09 0.09 0.1 0.09 0.08 0.08 0.09 0.08 0.1 0.09 0.1 0.08 0.1 0.09 0.1 0.1 0.1 0.09 0.09 0.09 0.1 0.1 0.09 0.1 0.09 0.09 0.1 0.09 0.09 0.1 0.1 0.1 0.1 0.09 0.1 0.09 0.11 0.1 0.1 0.09 0.09 0.1 0.1 0.1 0.1 0.11 0.09 0.1 0.11 0.1 0.1 0.11 0.11
0.08 0.1 0.1 0.1 0.1 0.12 0.13 0.12 0.12 0.13 0.14 0.13 0.14 0.15 0.14 0.14 0.13 0.14 0.15 0.16 0.15 0.16 0.17 0.18 0.16 0.17 0.19 0.19 0.18 0.2 0.18 0.18 0.19 0.18 0.19 0.23 0.23 0.22 0.21 0.22 0.25 0.23 0.21 0.23 0.24 0.23 0.23 0.24 0.26 0.27 0.26 0.23 0.23 0.24 0.23 0.28 0.26 0.29 0.23 0.3 0.27 0.31 0.3 0.3 0.29 0.27 0.29 0.3 0.33 0.28 0.31 0.26 0.27 0.34 0.29 0.28 0.32 0.34 0.33 0.32 0.29 0.33 0.3 0.35 0.34 0.31 0.29 0.3 0.32 0.33 0.33 0.34 0.39 0.3 0.35 0.36 0.31 0.34 0.39 0.4
0.14 0.18 0.18 0.19 0.19 0.24 0.26 0.25 0.24 0.26 0.3 0.28 0.3 0.32 0.31 0.28 0.27 0.29 0.34 0.36 0.32 0.34 0.37 0.4 0.33 0.37 0.43 0.41 0.39 0.47 0.36 0.36 0.41 0.37 0.38 0.53 0.52 0.49 0.43 0.48 0.62 0.5 0.44 0.49 0.55 0.49 0.49 0.55 0.6 0.64 0.61 0.47 0.48 0.51 0.45 0.66 0.57 0.69 0.46 0.72 0.57 0.7 0.65 0.65 0.64 0.56 0.6 0.67 0.8 0.56 0.67 0.49 0.52 0.75 0.59 0.54 0.68 0.74 0.71 0.68 0.57 0.69 0.57 0.78 0.71 0.59 0.54 0.55 0.62 0.64 0.65 0.7 0.87 0.56 0.7 0.74 0.56 0.65 0.83 0.86
0.21 0.26 0.26 0.27 0.27 0.35 0.39 0.37 0.36 0.38 0.46 0.4 0.46 0.48 0.47 0.41 0.39 0.4 0.49 0.53 0.45 0.49 0.54 0.61 0.46 0.53 0.64 0.6 0.55 0.71 0.48 0.49 0.58 0.49 0.52 0.78 0.77 0.7 0.6 0.67 0.95 0.71 0.6 0.69 0.8 0.69 0.68 0.79 0.89 0.95 0.89 0.64 0.65 0.7 0.59 0.96 0.79 1.01 0.6 1.06 0.76 1 0.91 0.9 0.87 0.74 0.8 0.92 1.16 0.73 0.93 0.63 0.67 1.05 0.77 0.69 0.91 1.02 0.97 0.91 0.74 0.93 0.74 1.07 0.96 0.76 0.68 0.69 0.81 0.83 0.85 0.93 1.21 0.71 0.92 0.98 0.7 0.84 1.11 1.17
0.26 0.34 0.32 0.34 0.34 0.44 0.51 0.47 0.44 0.48 0.58 0.5 0.59 0.62 0.6 0.5 0.48 0.49 0.61 0.66 0.55 0.6 0.67 0.76 0.56 0.64 0.8 0.75 0.66 0.9 0.57 0.58 0.7 0.58 0.62 0.97 0.95 0.85 0.71 0.8 1.21 0.85 0.71 0.82 0.97 0.82 0.81 0.95 1.1 1.19 1.1 0.76 0.76 0.82 0.68 1.17 0.94 1.24 0.69 1.3 0.9 1.2 1.08 1.07 1.03 0.86 0.94 1.09 1.42 0.85 1.1 0.72 0.76 1.25 0.89 0.8 1.06 1.21 1.14 1.06 0.85 1.09 0.85 1.28 1.13 0.87 0.77 0.79 0.93 0.95 0.98 1.08 1.44 0.8 1.06 1.14 0.8 0.97 1.3 1.37
0.3 0.38 0.36 0.38 0.38 0.49 0.57 0.52 0.49 0.54 0.66 0.56 0.67 0.7 0.68 0.56 0.53 0.53 0.68 0.74 0.6 0.66 0.74 0.86 0.61 0.71 0.9 0.83 0.73 1.01 0.62 0.63 0.77 0.63 0.67 1.08 1.05 0.93 0.77 0.88 1.36 0.93 0.77 0.9 1.07 0.89 0.88 1.05 1.21 1.32 1.22 0.82 0.82 0.89 0.73 1.29 1.03 1.37 0.74 1.43 0.97 1.32 1.18 1.17 1.12 0.93 1.01 1.19 1.57 0.91 1.19 0.76 0.82 1.36 0.96 0.85 1.15 1.31 1.23 1.15 0.91 1.18 0.91 1.39 1.22 0.93 0.82 0.84 0.99 1.02 1.05 1.16 1.57 0.85 1.14 1.22 0.85 1.03 1.41 1.48
0.3 0.39 0.37 0.38 0.39 0.5 0.59 0.53 0.5 0.55 0.68 0.58 0.69 0.72 0.69 0.57 0.54 0.54 0.69 0.75 0.61 0.67 0.76 0.88 0.62 0.73 0.92 0.84 0.74 1.04 0.63 0.64 0.78 0.64 0.68 1.1 1.07 0.95 0.79 0.89 1.39 0.95 0.78 0.92 1.09 0.91 0.89 1.07 1.24 1.35 1.24 0.83 0.84 0.91 0.74 1.32 1.04 1.4 0.75 1.46 0.99 1.35 1.2 1.19 1.14 0.94 1.03 1.21 1.6 0.92 1.22 0.78 0.83 1.38 0.97 0.86 1.17 1.34 1.25 1.17 0.92 1.2 0.92 1.41 1.24 0.94 0.83 0.85 1.01 1.04 1.07 1.18 1.6 0.87 1.16 1.24 0.86 1.05 1.43 1.51
0.3 0.38 0.36 0.38 0.38 0.49 0.57 0.52 0.49 0.54 0.67 0.57 0.67 0.71 0.68 0.56 0.53 0.54 0.68 0.74 0.6 0.66 0.75 0.86 0.61 0.72 0.9 0.83 0.73 1.02 0.62 0.63 0.77 0.63 0.67 1.08 1.06 0.94 0.78 0.88 1.36 0.94 0.77 0.91 1.08 0.9 0.88 1.06 1.22 1.33 1.23 0.82 0.83 0.9 0.74 1.3 1.03 1.38 0.74 1.44 0.98 1.33 1.18 1.18 1.13 0.94 1.02 1.2 1.58 0.92 1.2 0.77 0.82 1.37 0.97 0.86 1.16 1.32 1.24 1.16 0.91 1.18 0.92 1.4 1.23 0.94 0.83 0.85 1 1.03 1.06 1.17 1.58 0.86 1.15 1.23 0.85 1.04 1.42 1.5
0.28 0.36 0.35 0.36 0.37 0.47 0.54 0.5 0.47 0.52 0.63 0.54 0.64 0.67 0.65 0.54 0.51 0.52 0.65 0.71 0.58 0.64 0.72 0.82 0.59 0.69 0.86 0.8 0.71 0.97 0.6 0.61 0.74 0.61 0.65 1.04 1.01 0.9 0.76 0.85 1.3 0.91 0.75 0.88 1.04 0.87 0.86 1.02 1.17 1.27 1.18 0.8 0.81 0.87 0.72 1.25 1 1.33 0.72 1.39 0.95 1.28 1.15 1.14 1.1 0.91 0.99 1.16 1.52 0.89 1.17 0.75 0.8 1.33 0.94 0.84 1.13 1.28 1.2 1.13 0.89 1.15 0.9 1.36 1.19 0.91 0.81 0.83 0.98 1 1.04 1.14 1.53 0.84 1.12 1.2 0.83 1.02 1.38 1.45
0.26 0.33 0.32 0.33 0.34 0.44 0.5 0.46 0.44 0.48 0.58 0.5 0.59 0.62 0.6 0.5 0.48 0.49 0.61 0.66 0.55 0.6 0.67 0.76 0.56 0.65 0.8 0.75 0.67 0.9 0.57 0.58 0.7 0.58 0.62 0.97 0.95 0.85 0.72 0.81 1.2 0.86 0.71 0.83 0.98 0.83 0.81 0.96 1.1 1.19 1.1 0.76 0.77 0.83 0.69 1.18 0.95 1.24 0.69 1.3 0.9 1.21 1.09 1.08 1.04 0.87 0.95 1.1 1.43 0.86 1.11 0.72 0.77 1.26 0.9 0.8 1.07 1.22 1.15 1.07 0.86 1.1 0.86 1.29 1.14 0.88 0.78 0.8 0.94 0.96 0.99 1.09 1.45 0.81 1.07 1.15 0.81 0.98 1.32 1.38
0.24 0.3 0.29 0.3 0.31 0.4 0.45 0.42 0.4 0.44 0.52 0.46 0.53 0.56 0.54 0.46 0.44 0.45 0.56 0.6 0.51 0.55 0.62 0.69 0.52 0.6 0.73 0.69 0.62 0.82 0.54 0.55 0.65 0.55 0.58 0.89 0.87 0.79 0.67 0.75 1.09 0.79 0.67 0.77 0.9 0.77 0.76 0.89 1.01 1.09 1.01 0.71 0.72 0.78 0.65 1.08 0.89 1.15 0.66 1.2 0.85 1.12 1.02 1.01 0.98 0.82 0.89 1.03 1.32 0.81 1.04 0.69 0.73 1.17 0.85 0.76 1.01 1.14 1.08 1.01 0.81 1.03 0.82 1.2 1.07 0.84 0.74 0.76 0.89 0.91 0.94 1.03 1.36 0.77 1.02 1.08 0.77 0.93 1.24 1.3
0.21 0.27 0.27 0.28 0.28 0.36 0.41 0.38 0.37 0.39 0.47 0.42 0.48 0.5 0.49 0.42 0.4 0.42 0.51 0.55 0.47 0.51 0.56 0.63 0.48 0.55 0.66 0.63 0.57 0.74 0.5 0.51 0.6 0.51 0.54 0.81 0.79 0.72 0.62 0.69 0.98 0.73 0.62 0.72 0.83 0.71 0.7 0.82 0.92 0.99 0.93 0.67 0.67 0.72 0.61 0.99 0.82 1.05 0.62 1.1 0.79 1.04 0.94 0.94 0.91 0.77 0.83 0.96 1.2 0.76 0.96 0.65 0.69 1.09 0.8 0.72 0.95 1.06 1 0.95 0.77 0.97 0.77 1.12 1 0.79 0.71 0.72 0.84 0.86 0.89 0.97 1.26 0.74 0.96 1.02 0.73 0.88 1.16 1.21
0.19 0.25 0.25 0.25 0.26 0.33 0.37 0.35 0.34 0.36 0.43 0.38 0.43 0.45 0.44 0.39 0.37 0.39 0.47 0.5 0.44 0.47 0.52 0.57 0.45 0.51 0.61 0.58 0.53 0.67 0.47 0.48 0.56 0.48 0.51 0.74 0.73 0.67 0.58 0.65 0.9 0.68 0.58 0.67 0.76 0.67 0.66 0.76 0.85 0.9 0.85 0.63 0.63 0.68 0.58 0.92 0.77 0.97 0.59 1.01 0.75 0.96 0.88 0.88 0.85 0.73 0.78 0.89 1.11 0.72 0.9 0.62 0.66 1.01 0.76 0.69 0.89 0.99 0.94 0.89 0.73 0.91 0.73 1.05 0.94 0.75 0.68 0.69 0.8 0.82 0.84 0.91 1.18 0.7 0.91 0.96 0.7 0.83 1.09 1.14
0.18 0.22 0.23 0.23 0.24 0.31 0.34 0.32 0.31 0.33 0.39 0.35 0.39 0.41 0.4 0.36 0.35 0.36 0.43 0.46 0.4 0.43 0.48 0.52 0.42 0.47 0.56 0.53 0.49 0.62 0.44 0.45 0.52 0.45 0.48 0.68 0.67 0.62 0.54 0.6 0.82 0.63 0.55 0.62 0.71 0.62 0.61 0.7 0.78 0.83 0.79 0.59 0.59 0.64 0.55 0.85 0.72 0.89 0.56 0.93 0.7 0.89 0.82 0.82 0.8 0.69 0.74 0.83 1.03 0.68 0.84 0.59 0.62 0.95 0.72 0.65 0.84 0.93 0.88 0.84 0.69 0.86 0.7 0.98 0.88 0.71 0.64 0.66 0.76 0.78 0.8 0.86 1.1 0.67 0.86 0.91 0.67 0.79 1.03 1.07
0.17 0.21 0.21 0.22 0.22 0.28 0.31 0.3 0.29 0.31 0.35 0.32 0.36 0.38 0.37 0.33 0.32 0.33 0.4 0.43 0.38 0.4 0.44 0.48 0.39 0.43 0.51 0.49 0.46 0.56 0.41 0.42 0.49 0.43 0.45 0.63 0.62 0.58 0.51 0.56 0.75 0.59 0.51 0.58 0.66 0.58 0.57 0.65 0.72 0.76 0.73 0.55 0.56 0.6 0.52 0.79 0.67 0.82 0.53 0.86 0.66 0.83 0.77 0.77 0.75 0.65 0.69 0.78 0.95 0.64 0.79 0.56 0.59 0.88 0.68 0.62 0.79 0.87 0.83 0.79 0.66 0.81 0.66 0.91 0.83 0.68 0.61 0.63 0.72 0.74 0.76 0.81 1.03 0.64 0.81 0.86 0.64 0.75 0.97 1.01
0.15 0.19 0.19 0.2 0.2 0.26 0.29 0.27 0.27 0.28 0.33 0.3 0.33 0.35 0.34 0.31 0.3 0.31 0.37 0.39 0.35 0.37 0.41 0.44 0.36 0.4 0.47 0.45 0.43 0.52 0.39 0.4 0.45 0.4 0.42 0.58 0.57 0.53 0.48 0.53 0.69 0.55 0.48 0.54 0.61 0.54 0.54 0.61 0.66 0.7 0.67 0.52 0.52 0.56 0.49 0.73 0.63 0.76 0.5 0.8 0.62 0.77 0.72 0.72 0.7 0.61 0.65 0.73 0.88 0.61 0.74 0.53 0.56 0.83 0.64 0.59 0.74 0.82 0.78 0.75 0.62 0.76 0.63 0.86 0.78 0.64 0.59 0.6 0.68 0.7 0.72 0.77 0.96 0.61 0.77 0.81 0.61 0.72 0.91 0.95
0.14 0.18 0.18 0.18 0.19 0.24 0.26 0.25 0.24 0.26 0.3 0.27 0.3 0.31 0.31 0.28 0.27 0.29 0.33 0.36 0.32 0.34 0.37 0.4 0.34 0.37 0.43 0.41 0.39 0.47 0.36 0.37 0.42 0.37 0.39 0.53 0.52 0.49 0.44 0.48 0.62 0.5 0.45 0.5 0.56 0.5 0.5 0.56 0.61 0.64 0.61 0.48 0.48 0.52 0.46 0.67 0.58 0.7 0.47 0.73 0.58 0.71 0.66 0.66 0.65 0.57 0.61 0.68 0.8 0.57 0.68 0.5 0.53 0.76 0.6 0.55 0.69 0.76 0.72 0.69 0.59 0.71 0.59 0.79 0.73 0.61 0.55 0.57 0.64 0.66 0.67 0.72 0.88 0.57 0.72 0.76 0.58 0.67 0.84 0.88
0.13 0.16 0.16 0.17 0.17 0.22 0.24 0.23 0.22 0.24 0.27 0.25 0.28 0.29 0.28 0.26 0.25 0.26 0.31 0.33 0.3 0.31 0.34 0.37 0.31 0.34 0.39 0.38 0.36 0.43 0.33 0.34 0.38 0.35 0.36 0.48 0.48 0.45 0.41 0.44 0.56 0.46 0.41 0.46 0.51 0.46 0.46 0.51 0.55 0.58 0.56 0.45 0.45 0.48 0.43 0.61 0.54 0.63 0.44 0.66 0.53 0.65 0.61 0.61 0.6 0.53 0.56 0.62 0.73 0.53 0.63 0.47 0.5 0.7 0.56 0.52 0.64 0.7 0.67 0.64 0.55 0.65 0.55 0.73 0.67 0.57 0.52 0.53 0.6 0.61 0.63 0.67 0.81 0.54 0.67 0.71 0.54 0.63 0.78 0.81
0.12 0.15 0.15 0.16 0.16 0.2 0.22 0.21 0.21 0.22 0.25 0.23 0.25 0.26 0.26 0.24 0.23 0.24 0.28 0.3 0.27 0.29 0.31 0.33 0.29 0.31 0.36 0.35 0.33 0.39 0.31 0.32 0.35 0.32 0.34 0.44 0.44 0.41 0.38 0.41 0.51 0.43 0.38 0.43 0.47 0.43 0.42 0.47 0.5 0.53 0.51 0.41 0.42 0.45 0.4 0.56 0.5 0.58 0.41 0.61 0.5 0.6 0.56 0.57 0.55 0.49 0.52 0.58 0.67 0.5 0.58 0.44 0.47 0.65 0.53 0.49 0.6 0.65 0.62 0.6 0.51 0.61 0.52 0.67 0.62 0.53 0.49 0.5 0.56 0.57 0.59 0.62 0.75 0.51 0.63 0.66 0.51 0.59 0.73 0.75
0.12 0.14 0.14 0.15 0.15 0.19 0.2 0.2 0.19 0.2 0.23 0.21 0.23 0.24 0.24 0.22 0.22 0.23 0.26 0.28 0.26 0.27 0.29 0.31 0.27 0.29 0.33 0.32 0.31 0.36 0.29 0.29 0.33 0.3 0.31 0.4 0.4 0.38 0.35 0.38 0.46 0.39 0.36 0.39 0.43 0.4 0.39 0.43 0.46 0.48 0.47 0.39 0.39 0.41 0.37 0.51 0.46 0.53 0.38 0.56 0.46 0.55 0.52 0.52 0.51 0.46 0.49 0.53 0.61 0.46 0.54 0.42 0.44 0.6 0.49 0.46 0.55 0.6 0.58 0.56 0.48 0.57 0.49 0.62 0.58 0.5 0.47 0.47 0.53 0.54 0.55 0.58 0.69 0.48 0.59 0.62 0.49 0.56 0.68 0.7
0.11 0.13 0.13 0.14 0.14 0.18 0.19 0.18 0.18 0.19 0.21 0.2 0.22 0.22 0.22 0.21 0.2 0.21 0.24 0.26 0.24 0.25 0.27 0.29 0.25 0.27 0.31 0.3 0.29 0.33 0.27 0.28 0.31 0.28 0.29 0.37 0.37 0.35 0.33 0.35 0.43 0.37 0.33 0.37 0.4 0.37 0.37 0.4 0.43 0.45 0.43 0.36 0.36 0.39 0.35 0.47 0.43 0.49 0.36 0.52 0.43 0.51 0.49 0.49 0.48 0.43 0.46 0.5 0.57 0.44 0.51 0.4 0.41 0.56 0.46 0.43 0.52 0.56 0.54 0.52 0.46 0.53 0.46 0.58 0.54 0.47 0.44 0.45 0.5 0.51 0.52 0.55 0.65 0.46 0.55 0.58 0.46 0.53 0.63 0.65
0.11 0.13 0.13 0.13 0.13 0.17 0.18 0.17 0.17 0.18 0.2 0.19 0.2 0.21 0.21 0.19 0.19 0.2 0.23 0.24 0.22 0.23 0.25 0.27 0.23 0.25 0.28 0.28 0.27 0.31 0.26 0.26 0.29 0.27 0.28 0.35 0.35 0.33 0.31 0.33 0.4 0.34 0.31 0.34 0.37 0.35 0.34 0.37 0.4 0.42 0.4 0.34 0.34 0.36 0.33 0.44 0.4 0.46 0.34 0.48 0.41 0.48 0.46 0.46 0.45 0.41 0.43 0.47 0.53 0.41 0.47 0.38 0.39 0.52 0.44 0.41 0.49 0.52 0.51 0.49 0.43 0.5 0.44 0.54 0.51 0.45 0.42 0.43 0.47 0.48 0.49 0.52 0.6 0.43 0.52 0.54 0.44 0.5 0.59 0.61
0.1 0.12 0.12 0.13 0.13 0.16 0.17 0.16 0.16 0.17 0.19 0.18 0.19 0.2 0.2 0.18 0.18 0.19 0.21 0.23 0.21 0.22 0.24 0.25 0.22 0.24 0.27 0.26 0.25 0.29 0.24 0.25 0.27 0.25 0.26 0.33 0.32 0.31 0.29 0.31 0.37 0.32 0.3 0.32 0.35 0.33 0.32 0.35 0.37 0.39 0.38 0.32 0.32 0.34 0.32 0.41 0.38 0.43 0.33 0.45 0.38 0.45 0.43 0.43 0.42 0.39 0.41 0.44 0.49 0.39 0.45 0.36 0.37 0.49 0.41 0.39 0.46 0.49 0.48 0.46 0.41 0.47 0.41 0.51 0.48 0.43 0.4 0.41 0.45 0.46 0.46 0.49 0.57 0.41 0.49 0.51 0.42 0.47 0.56 0.58
0.1 0.12 0.12 0.12 0.12 0.15 0.16 0.16 0.15 0.16 0.18 0.17 0.18 0.19 0.19 0.17 0.17 0.18 0.2 0.21 0.2 0.21 0.22 0.24 0.21 0.22 0.25 0.25 0.24 0.27 0.23 0.23 0.26 0.24 0.25 0.31 0.31 0.29 0.27 0.3 0.35 0.3 0.28 0.31 0.33 0.31 0.31 0.33 0.35 0.36 0.35 0.3 0.31 0.33 0.3 0.39 0.36 0.4 0.31 0.42 0.36 0.42 0.4 0.41 0.4 0.37 0.38 0.41 0.46 0.37 0.42 0.34 0.35 0.46 0.39 0.37 0.44 0.46 0.45 0.44 0.39 0.44 0.39 0.48 0.46 0.41 0.38 0.39 0.43 0.43 0.44 0.46 0.53 0.39 0.47 0.49 0.4 0.45 0.53 0.54
0.1 0.11 0.11 0.12 0.12 0.14 0.15 0.15 0.15 0.15 0.17 0.16 0.17 0.18 0.18 0.17 0.16 0.17 0.19 0.2 0.19 0.2 0.21 0.22 0.2 0.21 0.24 0.23 0.23 0.26 0.22 0.22 0.24 0.23 0.24 0.29 0.29 0.28 0.26 0.28 0.33 0.29 0.27 0.29 0.31 0.29 0.29 0.31 0.33 0.34 0.33 0.29 0.29 0.31 0.29 0.37 0.34 0.38 0.3 0.4 0.35 0.4 0.38 0.38 0.38 0.35 0.36 0.39 0.44 0.35 0.4 0.33 0.34 0.44 0.37 0.35 0.41 0.44 0.43 0.42 0.37 0.42 0.37 0.46 0.43 0.39 0.37 0.37 0.41 0.41 0.42 0.44 0.5 0.38 0.45 0.46 0.38 0.43 0.5 0.52
0.09 0.11 0.11 0.11 0.11 0.14 0.15 0.14 0.14 0.15 0.16 0.15 0.16 0.17 0.17 0.16 0.15 0.16 0.18 0.19 0.18 0.19 0.2 0.21 0.19 0.2 0.23 0.22 0.21 0.24 0.21 0.21 0.23 0.21 0.22 0.27 0.27 0.26 0.25 0.26 0.31 0.27 0.25 0.27 0.29 0.27 0.27 0.29 0.31 0.32 0.31 0.27 0.27 0.29 0.27 0.34 0.32 0.36 0.28 0.37 0.33 0.37 0.36 0.36 0.36 0.33 0.34 0.37 0.41 0.33 0.37 0.31 0.32 0.41 0.35 0.33 0.39 0.41 0.4 0.39 0.35 0.4 0.36 0.43 0.41 0.37 0.35 0.35 0.39 0.39 0.4 0.42 0.47 0.36 0.42 0.44 0.36 0.41 0.47 0.48
0.09 0.11 0.1 0.11 0.11 0.13 0.14 0.14 0.13 0.14 0.15 0.15 0.16 0.16 0.16 0.15 0.15 0.15 0.17 0.18 0.17 0.18 0.19 0.2 0.18 0.19 0.21 0.21 0.2 0.23 0.2 0.2 0.22 0.2 0.21 0.26 0.26 0.25 0.23 0.25 0.29 0.26 0.24 0.26 0.28 0.26 0.26 0.28 0.29 0.3 0.3 0.26 0.26 0.28 0.26 0.32 0.3 0.34 0.27 0.35 0.31 0.35 0.34 0.34 0.34 0.31 0.33 0.35 0.38 0.32 0.35 0.29 0.3 0.39 0.34 0.32 0.37 0.39 0.38 0.37 0.33 0.38 0.34 0.4 0.38 0.35 0.33 0.34 0.37 0.37 0.38 0.39 0.44 0.34 0.4 0.41 0.35 0.39 0.45 0.46
0.09 0.1 0.1 0.1 0.1 0.12 0.13 0.13 0.13 0.13 0.15 0.14 0.15 0.15 0.15 0.14 0.14 0.15 0.16 0.17 0.16 0.17 0.18 0.19 0.17 0.18 0.2 0.2 0.19 0.22 0.19 0.19 0.21 0.19 0.2 0.24 0.24 0.23 0.22 0.24 0.27 0.24 0.23 0.24 0.26 0.25 0.24 0.26 0.28 0.29 0.28 0.24 0.25 0.26 0.24 0.3 0.28 0.31 0.25 0.33 0.29 0.33 0.32 0.32 0.32 0.29 0.31 0.33 0.36 0.3 0.33 0.28 0.29 0.36 0.32 0.3 0.35 0.37 0.36 0.35 0.32 0.35 0.32 0.38 0.36 0.33 0.32 0.32 0.35 0.35 0.36 0.37 0.42 0.32 0.38 0.39 0.33 0.36 0.42 0.43
0.09 0.1 0.1 0.1 0.1 0.12 0.13 0.13 0.12 0.13 0.14 0.13 0.14 0.15 0.15 0.14 0.14 0.14 0.16 0.17 0.16 0.16 0.17 0.18 0.16 0.17 0.19 0.19 0.18 0.21 0.18 0.18 0.2 0.19 0.19 0.23 0.23 0.22 0.21 0.22 0.26 0.23 0.22 0.23 0.25 0.23 0.23 0.25 0.26 0.27 0.26 0.23 0.23 0.25 0.23 0.29 0.27 0.3 0.24 0.31 0.28 0.31 0.3 0.31 0.3 0.28 0.29 0.31 0.34 0.29 0.32 0.27 0.28 0.34 0.3 0.29 0.33 0.35 0.34 0.33 0.3 0.34 0.31 0.36 0.34 0.32 0.3 0.31 0.33 0.33 0.34 0.35 0.4 0.31 0.36 0.37 0.32 0.35 0.4 0.41
0.08 0.1 0.09 0.1 0.1 0.12 0.12 0.12 0.12 0.12 0.14 0.13 0.14 0.14 0.14 0.13 0.13 0.13 0.15 0.16 0.15 0.15 0.16 0.17 0.15 0.16 0.18 0.18 0.17 0.2 0.17 0.17 0.19 0.18 0.18 0.22 0.22 0.21 0.2 0.21 0.24 0.22 0.2 0.22 0.23 0.22 0.22 0.24 0.25 0.26 0.25 0.22 0.22 0.23 0.22 0.27 0.25 0.28 0.23 0.29 0.26 0.29 0.29 0.29 0.28 0.27 0.28 0.29 0.32 0.27 0.3 0.25 0.26 0.32 0.29 0.27 0.31 0.33 0.32 0.31 0.29 0.32 0.29 0.34 0.32 0.3 0.29 0.29 0.31 0.32 0.32 0.33 0.37 0.29 0.34 0.35 0.3 0.33 0.38 0.38
0.08 0.09 0.09 0.09 0.09 0.11 0.12 0.12 0.11 0.12 0.13 0.12 0.13 0.14 0.14 0.13 0.12 0.13 0.14 0.15 0.14 0.15 0.16 0.16 0.15 0.16 0.17 0.17 0.17 0.19 0.16 0.16 0.18 0.17 0.17 0.21 0.21 0.2 0.19 0.2 0.23 0.21 0.19 0.21 0.22 0.21 0.21 0.22 0.23 0.24 0.24 0.21 0.21 0.22 0.21 0.26 0.24 0.27 0.22 0.28 0.25 0.28 0.27 0.27 0.27 0.25 0.26 0.28 0.3 0.26 0.28 0.24 0.25 0.31 0.27 0.26 0.29 0.31 0.3 0.3 0.27 0.3 0.27 0.32 0.31 0.28 0.27 0.28 0.3 0.3 0.3 0.32 0.35 0.28 0.32 0.33 0.29 0.31 0.35 0.36
0.08 0.09 0.09 0.09 0.09 0.11 0.12 0.11 0.11 0.11 0.13 0.12 0.13 0.13 0.13 0.12 0.12 0.12 0.14 0.15 0.14 0.14 0.15 0.16 0.14 0.15 0.17 0.16 0.16 0.18 0.16 0.16 0.17 0.16 0.17 0.2 0.2 0.19 0.18 0.19 0.22 0.2 0.19 0.2 0.21 0.2 0.2 0.21 0.22 0.23 0.23 0.2 0.2 0.21 0.2 0.25 0.23 0.25 0.21 0.26 0.24 0.26 0.26 0.26 0.26 0.24 0.25 0.26 0.29 0.24 0.27 0.23 0.24 0.29 0.26 0.25 0.28 0.29 0.29 0.28 0.26 0.29 0.26 0.3 0.29 0.27 0.26 0.26 0.28 0.29 0.29 0.3 0.33 0.27 0.31 0.32 0.27 0.3 0.34 0.34
0.08 0.09 0.09 0.09 0.09 0.11 0.11 0.11 0.11 0.11 0.12 0.12 0.12 0.13 0.13 0.12 0.12 0.12 0.13 0.14 0.13 0.14 0.15 0.15 0.14 0.15 0.16 0.16 0.15 0.17 0.15 0.15 0.16 0.15 0.16 0.19 0.19 0.18 0.17 0.18 0.21 0.19 0.18 0.19 0.2 0.19 0.19 0.2 0.21 0.22 0.22 0.19 0.19 0.2 0.19 0.23 0.22 0.24 0.2 0.25 0.23 0.25 0.25 0.25 0.24 0.23 0.24 0.25 0.27 0.23 0.26 0.22 0.23 0.28 0.25 0.24 0.27 0.28 0.28 0.27 0.25 0.27 0.25 0.29 0.28 0.26 0.25 0.25 0.27 0.27 0.28 0.29 0.32 0.26 0.29 0.3 0.26 0.28 0.32 0.33
0.08 0.09 0.09 0.09 0.09 0.1 0.11 0.11 0.1 0.11 0.12 0.11 0.12 0.12 0.12 0.11 0.11 0.12 0.13 0.14 0.13 0.13 0.14 0.15 0.13 0.14 0.16 0.15 0.15 0.17 0.14 0.15 0.16 0.15 0.15 0.18 0.18 0.18 0.17 0.18 0.2 0.18 0.17 0.18 0.19 0.18 0.18 0.2 0.2 0.21 0.21 0.18 0.19 0.2 0.18 0.22 0.21 0.23 0.19 0.24 0.22 0.24 0.24 0.24 0.23 0.22 0.23 0.24 0.26 0.22 0.25 0.21 0.22 0.27 0.24 0.23 0.26 0.27 0.26 0.26 0.24 0.26 0.24 0.28 0.27 0.25 0.24 0.24 0.26 0.26 0.27 0.27 0.3 0.25 0.28 0.29 0.25 0.27 0.31 0.31
0.08 0.09 0.08 0.09 0.09 0.1 0.11 0.1 0.1 0.11 0.12 0.11 0.12 0.12 0.12 0.11 0.11 0.11 0.13 0.13 0.12 0.13 0.14 0.14 0.13 0.14 0.15 0.15 0.14 0.16 0.14 0.14 0.15 0.14 0.15 0.18 0.18 0.17 0.16 0.17 0.19 0.18 0.16 0.18 0.19 0.18 0.18 0.19 0.2 0.2 0.2 0.18 0.18 0.19 0.18 0.22 0.2 0.22 0.18 0.23 0.21 0.23 0.23 0.23 0.22 0.21 0.22 0.23 0.25 0.21 0.23 0.2 0.21 0.25 0.23 0.22 0.25 0.26 0.25 0.25 0.23 0.25 0.23 0.26 0.26 0.24 0.23 0.23 0.25 0.25 0.25 0.26 0.29 0.24 0.27 0.28 0.24 0.26 0.29 0.3
0.08 0.09 0.08 0.08 0.08 0.1 0.11 0.1 0.1 0.1 0.11 0.11 0.12 0.12 0.12 0.11 0.11 0.11 0.12 0.13 0.12 0.13 0.13 0.14 0.12 0.13 0.15 0.14 0.14 0.16 0.13 0.14 0.15 0.14 0.14 0.17 0.17 0.16 0.16 0.17 0.19 0.17 0.16 0.17 0.18 0.17 0.17 0.18 0.19 0.2 0.19 0.17 0.17 0.18 0.17 0.21 0.2 0.21 0.18 0.22 0.2 0.22 0.22 0.22 0.22 0.2 0.21 0.22 0.24 0.21 0.23 0.2 0.2 0.25 0.22 0.21 0.24 0.25 0.24 0.24 0.22 0.24 0.22 0.26 0.25 0.23 0.22 0.23 0.24 0.24 0.25 0.25 0.28 0.23 0.26 0.27 0.23 0.25 0.28 0.29
0.08 0.08 0.08 0.08 0.08 0.1 0.1 0.1 0.1 0.1 0.11 0.1 0.11 0.12 0.11 0.11 0.1 0.11 0.12 0.12 0.12 0.12 0.13 0.13 0.12 0.13 0.14 0.14 0.13 0.15 0.13 0.13 0.14 0.13 0.14 0.16 0.16 0.16 0.15 0.16 0.18 0.16 0.15 0.16 0.17 0.17 0.17 0.18 0.18 0.19 0.18 0.16 0.17 0.17 0.17 0.2 0.19 0.21 0.17 0.21 0.19 0.21 0.21 0.21 0.21 0.2 0.2 0.21 0.23 0.2 0.22 0.19 0.19 0.23 0.21 0.2 0.23 0.24 0.23 0.23 0.21 0.23 0.21 0.24 0.24 0.22 0.21 0.22 0.23 0.23 0.24 0.24 0.27 0.22 0.25 0.26 0.22 0.24 0.27 0.28
0.07 0.08 0.08 0.08 0.08 0.09 0.1 0.1 0.09 0.1 0.11 0.1 0.11 0.11 0.11 0.1 0.1 0.1 0.12 0.12 0.11 0.12 0.12 0.13 0.12 0.12 0.14 0.13 0.13 0.14 0.13 0.13 0.14 0.13 0.13 0.16 0.16 0.15 0.14 0.15 0.17 0.16 0.15 0.16 0.17 0.16 0.16 0.17 0.18 0.18 0.18 0.16 0.16 0.17 0.16 0.19 0.18 0.2 0.16 0.2 0.18 0.2 0.2 0.2 0.2 0.19 0.19 0.2 0.22 0.19 0.21 0.18 0.19 0.22 0.2 0.19 0.22 0.23 0.22 0.22 0.2 0.22 0.2 0.23 0.22 0.21 0.2 0.21 0.22 0.22 0.22 0.23 0.25 0.21 0.24 0.24 0.21 0.23 0.26 0.26
0.07 0.08 0.08 0.08 0.08 0.09 0.1 0.09 0.09 0.1 0.11 0.1 0.11 0.11 0.11 0.1 0.1 0.1 0.11 0.12 0.11 0.11 0.12 0.13 0.11 0.12 0.13 0.13 0.12 0.14 0.12 0.12 0.13 0.12 0.13 0.15 0.15 0.15 0.14 0.15 0.17 0.15 0.14 0.15 0.16 0.15 0.15 0.16 0.17 0.17 0.17 0.15 0.15 0.16 0.15 0.18 0.17 0.19 0.16 0.2 0.18 0.2 0.19 0.19 0.19 0.18 0.19 0.2 0.21 0.18 0.2 0.17 0.18 0.21 0.19 0.19 0.21 0.22 0.21 0.21 0.19 0.21 0.2 0.22 0.21 0.2 0.2 0.2 0.21 0.21 0.21 0.22 0.24 0.2 0.23 0.23 0.21 0.22 0.25 0.25
0.07 0.08 0.08 0.08 0.08 0.09 0.1 0.09 0.09 0.09 0.1 0.1 0.11 0.11 0.11 0.1 0.1 0.1 0.11 0.12 0.11 0.11 0.12 0.12 0.11 0.12 0.13 0.13 0.12 0.14 0.12 0.12 0.13 0.12 0.13 0.15 0.15 0.14 0.14 0.14 0.16 0.15 0.14 0.15 0.16 0.15 0.15 0.16 0.16 0.17 0.17 0.15 0.15 0.16 0.15 0.18 0.17 0.18 0.15 0.19 0.17 0.19 0.19 0.19 0.19 0.18 0.18 0.19 0.21 0.18 0.19 0.17 0.17 0.21 0.19 0.18 0.2 0.21 0.21 0.2 0.19 0.21 0.19 0.22 0.21 0.2 0.19 0.19 0.2 0.21 0.21 0.22 0.24 0.2 0.22 0.23 0.2 0.22 0.24 0.24
0.07 0.08 0.08 0.08 0.08 0.09 0.1 0.09 0.09 0.09 0.1 0.1 0.1 0.11 0.1 0.1 0.09 0.1 0.11 0.11 0.1 0.11 0.12 0.12 0.11 0.11 0.13 0.12 0.12 0.13 0.12 0.12 0.13 0.12 0.12 0.15 0.14 0.14 0.13 0.14 0.16 0.14 0.14 0.14 0.15 0.14 0.14 0.15 0.16 0.17 0.16 0.14 0.14 0.15 0.14 0.17 0.16 0.18 0.15 0.18 0.17 0.18 0.18 0.18 0.18 0.17 0.18 0.18 0.2 0.17 0.19 0.16 0.17 0.2 0.18 0.18 0.2 0.2 0.2 0.2 0.18 0.2 0.18 0.21 0.2 0.19 0.19 0.19 0.2 0.2 0.2 0.21 0.23 0.19 0.21 0.22 0.19 0.21 0.23 0.24
0.07 0.08 0.07 0.08 0.08 0.09 0.09 0.09 0.09 0.09 0.1 0.09 0.1 0.1 0.1 0.09 0.09 0.09 0.1 0.11 0.1 0.11 0.11 0.12 0.1 0.11 0.12 0.12 0.12 0.13 0.11 0.11 0.12 0.11 0.12 0.14 0.14 0.14 0.13 0.14 0.15 0.14 0.13 0.14 0.15 0.14 0.14 0.15 0.15 0.16 0.16 0.14 0.14 0.15 0.14 0.17 0.16 0.17 0.14 0.18 0.16 0.18 0.17 0.17 0.17 0.16 0.17 0.18 0.19 0.17 0.18 0.16 0.16 0.19 0.17 0.17 0.19 0.19 0.19 0.19 0.18 0.19 0.18 0.2 0.19 0.18 0.18 0.18 0.19 0.19 0.19 0.2 0.22 0.18 0.2 0.21 0.19 0.2 0.22 0.22
0.07 0.08 0.07 0.08 0.08 0.09 0.09 0.09 0.09 0.09 0.1 0.09 0.1 0.1 0.1 0.09 0.09 0.09 0.1 0.11 0.1 0.1 0.11 0.11 0.1 0.11 0.12 0.12 0.11 0.13 0.11 0.11 0.12 0.11 0.11 0.13 0.13 0.13 0.12 0.13 0.15 0.13 0.13 0.13 0.14 0.13 0.13 0.14 0.15 0.15 0.15 0.13 0.13 0.14 0.13 0.16 0.15 0.16 0.14 0.17 0.15 0.17 0.17 0.17 0.16 0.16 0.16 0.17 0.18 0.16 0.17 0.15 0.15 0.18 0.17 0.16 0.18 0.19 0.18 0.18 0.17 0.18 0.17 0.19 0.18 0.17 0.17 0.17 0.18 0.18 0.18 0.19 0.21 0.17 0.19 0.2 0.18 0.19 0.21 0.21
0.07 0.08 0.07 0.07 0.07 0.08 0.09 0.09 0.08 0.09 0.1 0.09 0.1 0.1 0.1 0.09 0.09 0.09 0.1 0.1 0.1 0.1 0.11 0.11 0.1 0.1 0.12 0.11 0.11 0.12 0.1 0.11 0.11 0.11 0.11 0.13 0.13 0.13 0.12 0.13 0.14 0.13 0.12 0.13 0.14 0.13 0.13 0.14 0.14 0.15 0.14 0.13 0.13 0.13 0.13 0.15 0.14 0.16 0.13 0.16 0.15 0.16 0.16 0.16 0.16 0.15 0.15 0.16 0.17 0.15 0.16 0.14 0.15 0.18 0.16 0.15 0.17 0.18 0.17 0.17 0.16 0.17 0.16 0.18 0.18 0.17 0.16 0.16 0.17 0.17 0.18 0.18 0.2 0.17 0.18 0.19 0.17 0.18 0.2 0.2
0.07 0.08 0.07 0.07 0.07 0.08 0.09 0.08 0.08 0.09 0.1 0.09 0.1 0.1 0.1 0.09 0.09 0.09 0.1 0.1 0.09 0.1 0.1 0.11 0.1 0.1 0.11 0.11 0.11 0.12 0.1 0.1 0.11 0.1 0.11 0.13 0.13 0.12 0.11 0.12 0.14 0.12 0.12 0.12 0.13 0.12 0.12 0.13 0.14 0.14 0.14 0.12 0.12 0.13 0.12 0.15 0.14 0.15 0.13 0.16 0.14 0.16 0.15 0.15 0.15 0.14 0.15 0.16 0.17 0.15 0.16 0.14 0.14 0.17 0.15 0.15 0.16 0.17 0.17 0.16 0.15 0.17 0.15 0.17 0.17 0.16 0.15 0.16 0.17 0.17 0.17 0.17 0.19 0.16 0.18 0.18 0.16 0.17 0.19 0.19
0.07 0.08 0.07 0.07 0.07 0.08 0.09 0.08 0.08 0.08 0.09 0.09 0.09 0.1 0.09 0.09 0.08 0.09 0.1 0.1 0.09 0.1 0.1 0.11 0.09 0.1 0.11 0.11 0.1 0.12 0.1 0.1 0.11 0.1 0.1 0.12 0.12 0.12 0.11 0.12 0.14 0.12 0.11 0.12 0.13 0.12 0.12 0.13 0.13 0.14 0.14 0.12 0.12 0.13 0.12 0.14 0.13 0.15 0.12 0.15 0.14 0.15 0.15 0.15 0.15 0.14 0.14 0.15 0.16 0.14 0.15 0.13 0.14 0.16 0.15 0.14 0.16 0.16 0.16 0.16 0.15 0.16 0.15 0.17 0.16 0.15 0.15 0.15 0.16 0.16 0.16 0.17 0.18 0.15 0.17 0.17 0.16 0.17 0.18 0.19
0.07 0.08 0.07 0.07 0.07 0.08 0.09 0.08 0.08 0.08 0.09 0.09 0.09 0.1 0.09 0.09 0.08 0.08 0.09 0.1 0.09 0.09 0.1 0.1 0.09 0.1 0.11 0.11 0.1 0.11 0.1 0.1 0.11 0.1 0.1 0.12 0.12 0.12 0.11 0.12 0.13 0.12 0.11 0.12 0.13 0.12 0.12 0.13 0.13 0.14 0.13 0.12 0.12 0.12 0.12 0.14 0.13 0.14 0.12 0.15 0.13 0.15 0.14 0.14 0.14 0.13 0.14 0.15 0.16 0.14 0.15 0.13 0.13 0.16 0.14 0.14 0.15 0.16 0.16 0.15 0.14 0.16 0.14 0.16 0.16 0.15 0.14 0.15 0.15 0.16 0.16 0.16 0.18 0.15 0.16 0.17 0.15 0.16 0.18 0.18
0.07 0.08 0.07 0.07 0.07 0.08 0.09 0.08 0.08 0.08 0.09 0.08 0.09 0.09 0.09 0.08 0.08 0.08 0.09 0.1 0.09 0.09 0.1 0.1 0.09 0.1 0.11 0.1 0.1 0.11 0.09 0.1 0.1 0.1 0.1 0.12 0.12 0.11 0.11 0.11 0.13 0.12 0.11 0.12 0.12 0.12 0.12 0.12 0.13 0.13 0.13 0.11 0.12 0.12 0.11 0.14 0.13 0.14 0.12 0.14 0.13 0.14 0.14 0.14 0.14 0.13 0.14 0.14 0.15 0.13 0.14 0.13 0.13 0.15 0.14 0.13 0.15 0.16 0.15 0.15 0.14 0.15 0.14 0.16 0.15 0.15 0.14 0.14 0.15 0.15 0.15 0.16 0.17 0.14 0.16 0.16 0.15 0.16 0.17 0.18
0.07 0.08 0.07 0.07 0.07 0.08 0.09 0.08 0.08 0.08 0.09 0.08 0.09 0.09 0.09 0.08 0.08 0.08 0.09 0.1 0.09 0.09 0.1 0.1 0.09 0.1 0.11 0.1 0.1 0.11 0.09 0.09 0.1 0.1 0.1 0.12 0.12 0.11 0.11 0.11 0.13 0.11 0.11 0.11 0.12 0.11 0.11 0.12 0.13 0.13 0.13 0.11 0.11 0.12 0.11 0.14 0.13 0.14 0.12 0.14 0.13 0.14 0.14 0.14 0.14 0.13 0.13 0.14 0.15 0.13 0.14 0.13 0.13 0.15 0.14 0.13 0.15 0.15 0.15 0.15 0.14 0.15 0.14 0.16 0.15 0.14 0.14 0.14 0.15 0.15 0.15 0.16 0.17 0.14 0.16 0.16 0.14 0.15 0.17 0.17
0.07 0.08 0.07 0.07 0.07 0.08 0.09 0.08 0.08 0.08 0.09 0.08 0.09 0.09 0.09 0.08 0.08 0.08 0.09 0.1 0.09 0.09 0.1 0.1 0.09 0.1 0.11 0.1 0.1 0.11 0.09 0.09 0.1 0.1 0.1 0.12 0.12 0.11 0.11 0.11 0.13 0.11 0.11 0.11 0.12 0.11 0.11 0.12 0.13 0.13 0.13 0.11 0.11 0.12 0.11 0.13 0.13 0.14 0.11 0.14 0.13 0.14 0.14 0.14 0.14 0.13 0.13 0.14 0.15 0.13 0.14 0.12 0.13 0.15 0.14 0.13 0.15 0.15 0.15 0.15 0.14 0.15 0.14 0.16 0.15 0.14 0.14 0.14 0.15 0.15 0.15 0.15 0.17 0.14 0.16 0.16 0.14 0.15 0.17 0.17
0.07 0.08 0.07 0.07 0.07 0.08 0.09 0.08 0.08 0.08 0.09 0.08 0.09 0.09 0.09 0.08 0.08 0.08 0.09 0.1 0.09 0.09 0.1 0.1 0.09 0.1 0.11 0.1 0.1 0.11 0.09 0.09 0.1 0.1 0.1 0.12 0.12 0.11 0.1 0.11 0.13 0.11 0.11 0.11 0.12 0.11 0.11 0.12 0.13 0.13 0.13 0.11 0.11 0.12 0.11 0.13 0.13 0.14 0.11 0.14 0.13 0.14 0.14 0.14 0.14 0.13 0.13 0.14 0.15 0.13 0.14 0.12 0.13 0.15 0.14 0.13 0.14 0.15 0.15 0.15 0.14 0.15 0.14 0.15 0.15 0.14 0.14 0.14 0.15 0.15 0.15 0.15 0.17 0.14 0.15 0.16 0.14 0.15 0.17 0.17
0.07 0.08 0.07 0.07 0.07 0.08 0.09 0.08 0.08 0.08 0.09 0.08 0.09 0.09 0.09 0.08 0.08 0.08 0.09 0.1 0.09 0.09 0.1 0.1 0.09 0.09 0.1 0.1 0.1 0.11 0.09 0.09 0.1 0.09 0.1 0.12 0.12 0.11 0.1 0.11 0.13 0.11 0.11 0.11 0.12 0.11 0.11 0.12 0.13 0.13 0.13 0.11 0.11 0.12 0.11 0.13 0.12 0.14 0.11 0.14 0.13 0.14 0.13 0.14 0.13 0.13 0.13 0.14 0.15 0.13 0.14 0.12 0.12 0.15 0.13 0.13 0.14 0.15 0.15 0.14 0.13 0.15 0.13 0.15 0.15 0.14 0.13 0.14 0.14 0.14 0.15 0.15 0.16 0.14 0.15 0.16 0.14 0.15 0.16 0.17
0.07 0.08 0.07 0.07 0.07 0.08 0.09 0.08 0.08 0.08 0.09 0.08 0.09 0.09 0.09 0.08 0.08 0.08 0.09 0.09 0.09 0.09 0.1 0.1 0.09 0.09 0.1 0.1 0.1 0.11 0.09 0.09 0.1 0.09 0.1 0.11 0.11 0.11 0.1 0.11 0.13 0.11 0.1 0.11 0.12 0.11 0.11 0.12 0.12 0.13 0.12 0.11 0.11 0.12 0.11 0.13 0.12 0.13 0.11 0.14 0.12 0.14 0.13 0.13 0.13 0.12 0.13 0.14 0.15 0.13 0.14 0.12 0.12 0.15 0.13 0.13 0.14 0.15 0.14 0.14 0.13 0.14 0.13 0.15 0.15 0.14 0.13 0.13 0.14 0.14 0.14 0.15 0.16 0.14 0.15 0.15 0.14 0.15 0.16 0.16
0.07 0.08 0.07 0.07 0.07 0.08 0.09 0.08 0.08 0.08 0.09 0.08 0.09 0.09 0.09 0.08 0.08 0.08 0.09 0.09 0.09 0.09 0.1 0.1 0.09 0.09 0.1 0.1 0.1 0.11 0.09 0.09 0.1 0.09 0.1 0.11 0.11 0.11 0.1 0.11 0.12 0.11 0.1 0.11 0.12 0.11 0.11 0.12 0.12 0.13 0.12 0.11 0.11 0.11 0.11 0.13 0.12 0.13 0.11 0.14 0.12 0.13 0.13 0.13 0.13 0.12 0.13 0.13 0.14 0.12 0.13 0.12 0.12 0.14 0.13 0.13 0.14 0.14 0.14 0.14 0.13 0.14 0.13 0.15 0.14 0.13 0.13 0.13 0.14 0.14 0.14 0.15 0.16 0.13 0.15 0.15 0.14 0.14 0.16 0.16
0.07 0.08 0.07 0.07 0.07 0.08 0.09 0.08 0.08 0.08 0.09 0.08 0.09 0.09 0.09 0.08 0.08 0.08 0.09 0.09 0.09 0.09 0.09 0.1 0.09 0.09 0.1 0.1 0.09 0.11 0.09 0.09 0.1 0.09 0.09 0.11 0.11 0.11 0.1 0.11 0.12 0.11 0.1 0.11 0.11 0.11 0.11 0.11 0.12 0.12 0.12 0.11 0.11 0.11 0.1 0.13 0.12 0.13 0.11 0.13 0.12 0.13 0.13 0.13 0.13 0.12 0.12 0.13 0.14 0.12 0.13 0.12 0.12 0.14 0.13 0.12 0.14 0.14 0.14 0.14 0.13 0.14 0.13 0.14 0.14 0.13 0.13 0.13 0.13 0.14 0.14 0.14 0.15 0.13 0.14 0.15 0.13 0.14 0.15 0.16
0.07 0.08 0.07 0.07 0.07 0.08 0.08 0.08 0.08 0.08 0.09 0.08 0.09 0.09 0.09 0.08 0.08 0.08 0.09 0.09 0.08 0.09 0.09 0.1 0.09 0.09 0.1 0.1 0.09 0.11 0.09 0.09 0.1 0.09 0.09 0.11 0.11 0.1 0.1 0.1 0.12 0.11 0.1 0.11 0.11 0.11 0.11 0.11 0.12 0.12 0.12 0.1 0.1 0.11 0.1 0.12 0.12 0.13 0.1 0.13 0.12 0.13 0.13 0.13 0.12 0.12 0.12 0.13 0.14 0.12 0.13 0.11 0.11 0.14 0.12 0.12 0.13 0.14 0.13 0.13 0.12 0.13 0.12 0.14 0.14 0.13 0.12 0.12 0.13 0.13 0.13 0.14 0.15 0.13 0.14 0.14 0.13 0.14 0.15 0.15
0.07 0.08 0.07 0.07 0.07 0.08 0.08 0.08 0.08 0.08 0.09 0.08 0.09 0.09 0.09 0.08 0.08 0.08 0.09 0.09 0.08 0.09 0.09 0.1 0.08 0.09 0.1 0.1 0.09 0.1 0.09 0.09 0.09 0.09 0.09 0.11 0.11 0.1 0.1 0.1 0.12 0.1 0.1 0.1 0.11 0.1 0.1 0.11 0.12 0.12 0.12 0.1 0.1 0.11 0.1 0.12 0.11 0.12 0.1 0.13 0.11 0.13 0.12 0.12 0.12 0.11 0.12 0.12 0.13 0.12 0.13 0.11 0.11 0.13 0.12 0.12 0.13 0.13 0.13 0.13 0.12 0.13 0.12 0.14 0.13 0.12 0.12 0.12 0.13 0.13 0.13 0.13 0.15 0.12 0.14 0.14 0.12 0.13 0.15 0.15
0.07 0.08 0.07 0.07 0.07 0.08 0.08 0.08 0.08 0.08 0.09 0.08 0.09 0.09 0.09 0.08 0.08 0.08 0.09 0.09 0.08 0.09 0.09 0.1 0.08 0.09 0.1 0.1 0.09 0.1 0.09 0.09 0.09 0.09 0.09 0.11 0.11 0.1 0.1 0.1 0.12 0.1 0.1 0.1 0.11 0.1 0.1 0.11 0.11 0.12 0.11 0.1 0.1 0.1 0.1 0.12 0.11 0.12 0.1 0.13 0.11 0.12 0.12 0.12 0.12 0.11 0.12 0.12 0.13 0.11 0.12 0.11 0.11 0.13 0.12 0.11 0.13 0.13 0.13 0.13 0.12 0.13 0.12 0.13 0.13 0.12 0.12 0.12 0.12 0.13 0.13 0.13 0.14 0.12 0.13 0.14 0.12 0.13 0.14 0.14
0.07 0.08 0.07 0.07 0.07 0.08 0.08 0.08 0.08 0.08 0.09 0.08 0.09 0.09 0.09 0.08 0.08 0.08 0.09 0.09 0.08 0.09 0.09 0.1 0.08 0.09 0.1 0.09 0.09 0.1 0.08 0.09 0.09 0.09 0.09 0.11 0.1 0.1 0.09 0.1 0.12 0.1 0.09 0.1 0.11 0.1 0.1 0.11 0.11 0.12 0.11 0.1 0.1 0.1 0.1 0.12 0.11 0.12 0.1 0.12 0.11 0.12 0.12 0.12 0.12 0.11 0.11 0.12 0.13 0.11 0.12 0.1 0.11 0.13 0.11 0.11 0.12 0.13 0.13 0.12 0.11 0.12 0.11 0.13 0.13 0.12 0.11 0.11 0.12 0.12 0.12 0.13 0.14 0.12 0.13 0.13 0.12 0.13 0.14 0.14
0.07 0.08 0.07 0.07 0.07 0.08 0.08 0.08 0.08 0.08 0.09 0.08 0.09 0.09 0.09 0.08 0.08 0.08 0.09 0.09 0.08 0.08 0.09 0.09 0.08 0.09 0.1 0.09 0.09 0.1 0.08 0.08 0.09 0.08 0.09 0.1 0.1 0.1 0.09 0.1 0.11 0.1 0.09 0.1 0.11 0.1 0.1 0.11 0.11 0.11 0.11 0.1 0.1 0.1 0.09 0.12 0.11 0.12 0.1 0.12 0.11 0.12 0.12 0.12 0.11 0.11 0.11 0.12 0.13 0.11 0.12 0.1 0.1 0.12 0.11 0.11 0.12 0.12 0.12 0.12 0.11 0.12 0.11 0.13 0.12 0.11 0.11 0.11 0.12 0.12 0.12 0.12 0.14 0.11 0.13 0.13 0.11 0.12 0.13 0.14
0.07 0.08 0.07 0.07 0.07 0.08 0.08 0.08 0.08 0.08 0.09 0.08 0.09 0.09 0.09 0.08 0.08 0.08 0.09 0.09 0.08 0.08 0.09 0.09 0.08 0.09 0.1 0.09 0.09 0.1 0.08 0.08 0.09 0.08 0.09 0.1 0.1 0.1 0.09 0.1 0.11 0.1 0.09 0.1 0.1 0.1 0.1 0.1 0.11 0.11 0.11 0.1 0.1 0.1 0.09 0.11 0.11 0.12 0.09 0.12 0.1 0.12 0.11 0.11 0.11 0.1 0.11 0.11 0.12 0.11 0.11 0.1 0.1 0.12 0.11 0.11 0.12 0.12 0.12 0.12 0.11 0.12 0.11 0.12 0.12 0.11 0.11 0.11 0.11 0.12 0.12 0.12 0.13 0.11 0.12 0.12 0.11 0.12 0.13 0.13
0.07 0.08 0.07 0.07 0.07 0.08 0.08 0.08 0.08 0.08 0.09 0.08 0.09 0.09 0.09 0.08 0.08 0.08 0.08 0.09 0.08 0.08 0.09 0.09 0.08 0.09 0.09 0.09 0.09 0.1 0.08 0.08 0.09 0.08 0.08 0.1 0.1 0.1 0.09 0.09 0.11 0.1 0.09 0.1 0.1 0.1 0.1 0.1 0.11 0.11 0.11 0.09 0.09 0.1 0.09 0.11 0.1 0.11 0.09 0.12 0.1 0.11 0.11 0.11 0.11 0.1 0.11 0.11 0.12 0.1 0.11 0.1 0.1 0.12 0.11 0.1 0.11 0.12 0.12 0.11 0.11 0.12 0.11 0.12 0.12 0.11 0.11 0.11 0.11 0.11 0.11 0.12 0.13 0.11 0.12 0.12 0.11 0.12 0.13 0.13
0.07 0.08 0.07 0.07 0.07 0.08 0.08 0.08 0.08 0.08 0.09 0.08 0.09 0.09 0.09 0.08 0.08 0.08 0.08 0.09 0.08 0.08 0.09 0.09 0.08 0.09 0.09 0.09 0.09 0.1 0.08 0.08 0.09 0.08 0.08 0.1 0.1 0.1 0.09 0.09 0.11 0.1 0.09 0.1 0.1 0.1 0.09 0.1 0.11 0.11 0.11 0.09 0.09 0.1 0.09 0.11 0.1 0.11 0.09 0.11 0.1 0.11 0.11 0.11 0.11 0.1 0.1 0.11 0.12 0.1 0.11 0.1 0.1 0.12 0.11 0.1 0.11 0.12 0.11 0.11 0.1 0.11 0.1 0.12 0.12 0.11 0.1 0.1 0.11 0.11 0.11 0.12 0.13 0.11 0.12 0.12 0.11 0.11 0.13 0.13
0.07 0.08 0.07 0.07 0.07 0.08 0.08 0.08 0.08 0.08 0.09 0.08 0.09 0.09 0.09 0.08 0.08 0.08 0.08 0.09 0.08 0.08 0.09 0.09 0.08 0.08 0.09 0.09 0.09 0.1 0.08 0.08 0.09 0.08 0.08 0.1 0.1 0.09 0.09 0.09 0.11 0.09 0.09 0.09 0.1 0.09 0.09 0.1 0.1 0.11 0.11 0.09 0.09 0.09 0.09 0.11 0.1 0.11 0.09 0.11 0.1 0.11 0.11 0.11 0.11 0.1 0.1 0.11 0.12 0.1 0.11 0.09 0.1 0.12 0.1 0.1 0.11 0.11 0.11 0.11 0.1 0.11 0.1 0.12 0.11 0.1 0.1 0.1 0.11 0.11 0.11 0.11 0.12 0.1 0.11 0.12 0.1 0.11 0.12 0.13
0.07 0.08 0.07 0.07 0.07 0.08 0.08 0.08 0.07 0.08 0.09 0.08 0.09 0.09 0.09 0.08 0.07 0.07 0.08 0.09 0.08 0.08 0.09 0.09 0.08 0.08 0.09 0.09 0.08 0.1 0.08 0.08 0.09 0.08 0.08 0.1 0.1 0.09 0.09 0.09 0.11 0.09 0.09 0.09 0.1 0.09 0.09 0.1 0.1 0.11 0.1 0.09 0.09 0.09 0.09 0.11 0.1 0.11 0.09 0.11 0.1 0.11 0.11 0.11 0.1 0.1 0.1 0.11 0.12 0.1 0.11 0.09 0.1 0.11 0.1 0.1 0.11 0.11 0.11 0.11 0.1 0.11 0.1 0.12 0.11 0.1 0.1 0.1 0.11 0.11 0.11 0.11 0.12 0.1 0.11 0.12 0.1 0.11 0.12 0.12
